6200000,0.36220000,0.36200000,0.36200000,13084.00000000,1659046679999,4736.80500000,4,13084.00000000,4736.80500000,0
1659046680.0,0.36320000,0.36320000,0.36320000,0.36320000,654.00000000,1659046859999,237.53280000,2,654.00000000,237.53280000,0
1659046860.0,0.36290000,0.36350000,0.36290000,0.36290000,1370.00000000,1659047039999,497.19100000,3,30.00000000,10.90500000,0
1659047040.0,0.36290000,0.36290000,0.36290000,0.36290000,278.00000000,1659047219999,100.88620000,1,0.00000000,0.00000000,0
1659047220.0,0.36290000,0.36290000,0.36290000,0.36290000,0.00000000,1659047399999,0.00000000,0,0.00000000,0.00000000,0
1659047400.0,0.36350000,0.36350000,0.36350000,0.36350000,550.00000000,1659047579999,199.92500000,1,550.00000000,199.92500000,0
1659047580.0,0.36350000,0.36350000,0.36350000,0.36350000,0.00000000,1659047759999,0.00000000,0,0.00000000,0.00000000,0
1659047760.0,0.36200000,0.36200000,0.36200000,0.36200000,686.00000000,1659047939999,248.33200000,3,138.00000000,49.95600000,0
1659047940.0,0.36170000,0.36170000,0.36170000,0.36170000,1050.00000000,1659048119999,379.78500000,1,0.00000000,0.00000000,0
1659048120.0,0.36240000,0.36240000,0.36240000,0.36240000,114.00000000,1659048299999,41.31360000,1,114.00000000,41.31360000,0
1659048300.0,0.36240000,0.36240000,0.36240000,0.36240000,37.00000000,1659048479999,13.40880000,1,0.00000000,0.00000000,0
1659048480.0,0.36240000,0.36240000,0.36240000,0.36240000,0.00000000,1659048659999,0.00000000,0,0.00000000,0.00000000,0
1659048660.0,0.36190000,0.36190000,0.36170000,0.36170000,2781.00000000,1659048839999,1006.33010000,4,569.00000000,205.80730000,0
1659048840.0,0.36190000,0.36270000,0.36190000,0.36270000,1276.00000000,1659049019999,461.95720000,3,200.00000000,72.54000000,0
1659049020.0,0.36270000,0.36270000,0.36270000,0.36270000,800.00000000,1659049199999,290.16000000,1,800.00000000,290.16000000,0
1659049200.0,0.36270000,0.36270000,0.36270000,0.36270000,0.00000000,1659049379999,0.00000000,0,0.00000000,0.00000000,0
1659049380.0,0.36170000,0.36200000,0.36170000,0.36200000,4251.00000000,1659049559999,1537.66950000,2,4251.00000000,1537.66950000,0
1659049560.0,0.36200000,0.36200000,0.36200000,0.36200000,0.00000000,1659049739999,0.00000000,0,0.00000000,0.00000000,0
1659049740.0,0.36070000,0.36070000,0.36070000,0.36070000,277.00000000,1659049919999,99.91390000,1,0.00000000,0.00000000,0
1659049920.0,0.36070000,0.36070000,0.36070000,0.36070000,0.00000000,1659050099999,0.00000000,0,0.00000000,0.00000000,0
1659050100.0,0.36110000,0.36110000,0.35940000,0.35940000,466.00000000,1659050279999,167.91510000,4,71.00000000,25.63810000,0
1659050280.0,0.35940000,0.35940000,0.35940000,0.35940000,83.00000000,1659050459999,29.83020000,1,0.00000000,0.00000000,0
1659050460.0,0.35990000,0.35990000,0.35940000,0.35940000,204.00000000,1659050639999,73.38410000,2,204.00000000,73.38410000,0
1659050640.0,0.35890000,0.35910000,0.35890000,0.35910000,624.00000000,1659050819999,224.05820000,3,624.00000000,224.05820000,0
1659050820.0,0.35890000,0.35890000,0.35890000,0.35890000,60.00000000,1659050999999,21.53400000,1,60.00000000,21.53400000,0
1659051000.0,0.35890000,0.35890000,0.35890000,0.35890000,0.00000000,1659051179999,0.00000000,0,0.00000000,0.00000000,0
1659051180.0,0.35890000,0.35890000,0.35890000,0.35890000,0.00000000,1659051359999,0.00000000,0,0.00000000,0.00000000,0
1659051360.0,0.35890000,0.35890000,0.35890000,0.35890000,0.00000000,1659051539999,0.00000000,0,0.00000000,0.00000000,0
1659051540.0,0.35920000,0.35920000,0.35920000,0.35920000,1393.00000000,1659051719999,500.36560000,1,0.00000000,0.00000000,0
1659051720.0,0.35920000,0.35920000,0.35920000,0.35920000,0.00000000,1659051899999,0.00000000,0,0.00000000,0.00000000,0
1659051900.0,0.35890000,0.35960000,0.35890000,0.35960000,292.00000000,1659052079999,104.95280000,2,220.00000000,79.11200000,0
1659052080.0,0.35960000,0.35960000,0.35960000,0.35960000,0.00000000,1659052259999,0.00000000,0,0.00000000,0.00000000,0
1659052260.0,0.35960000,0.35960000,0.35960000,0.35960000,0.00000000,1659052439999,0.00000000,0,0.00000000,0.00000000,0
1659052440.0,0.36030000,0.36030000,0.36030000,0.36030000,201.00000000,1659052619999,72.42030000,1,201.00000000,72.42030000,0
1659052620.0,0.36040000,0.36070000,0.36030000,0.36070000,16034.00000000,1659052799999,5779.22540000,6,16034.00000000,5779.22540000,0
1659052800.0,0.36050000,0.36050000,0.35980000,0.35980000,12837.00000000,1659052979999,4618.77570000,2,33.00000000,11.89650000,0
1659052980.0,0.36050000,0.36050000,0.36030000,0.36030000,93.00000000,1659053159999,33.51850000,2,93.00000000,33.51850000,0
1659053160.0,0.36090000,0.36090000,0.36090000,0.36090000,1727.00000000,1659053339999,623.27430000,1,0.00000000,0.00000000,0
1659053340.0,0.36150000,0.36150000,0.36150000,0.36150000,122.00000000,1659053519999,44.10300000,1,122.00000000,44.10300000,0
1659053520.0,0.36150000,0.36150000,0.36090000,0.36090000,2000.00000000,1659053699999,722.40000000,2,0.00000000,0.00000000,0
1659053700.0,0.36140000,0.36140000,0.35980000,0.35980000,2167.00000000,1659053879999,780.38970000,5,0.00000000,0.00000000,0
1659053880.0,0.35940000,0.35940000,0.35710000,0.35710000,3440.00000000,1659054059999,1229.09190000,6,0.00000000,0.00000000,0
1659054060.0,0.35710000,0.35710000,0.35700000,0.35700000,243.00000000,1659054239999,86.75810000,2,172.00000000,61.40400000,0
1659054240.0,0.35650000,0.35700000,0.35650000,0.35700000,44.00000000,1659054419999,15.70050000,2,29.00000000,10.35300000,0
1659054420.0,0.35670000,0.35670000,0.35670000,0.35670000,333.00000000,1659054599999,118.78110000,1,0.00000000,0.00000000,0
1659054600.0,0.35670000,0.35670000,0.35670000,0.35670000,0.00000000,1659054779999,0.00000000,0,0.00000000,0.00000000,0
1659054780.0,0.35940000,0.35950000,0.35940000,0.35950000,27957.00000000,1659054959999,10050.52930000,4,27957.00000000,10050.52930000,0
1659054960.0,0.36150000,0.36150000,0.36150000,0.36150000,122.00000000,1659055139999,44.10300000,1,122.00000000,44.10300000,0
1659055140.0,0.36120000,0.36120000,0.36120000,0.36120000,300.00000000,1659055319999,108.36000000,1,0.00000000,0.00000000,0
1659055320.0,0.36200000,0.36200000,0.36190000,0.36200000,1159.00000000,1659055499999,419.52490000,5,607.00000000,219.70090000,0
1659055500.0,0.36200000,0.36300000,0.36160000,0.36270000,4579.00000000,1659055679999,1657.85150000,10,580.00000000,210.00990000,0
1659055680.0,0.36290000,0.36290000,0.36230000,0.36230000,7448.00000000,1659055859999,2700.13300000,3,0.00000000,0.00000000,0
1659055860.0,0.36210000,0.36290000,0.36210000,0.36290000,8659.00000000,1659056039999,3139.99350000,6,5787.00000000,2100.04230000,0
1659056040.0,0.36290000,0.36290000,0.36290000,0.36290000,0.00000000,1659056219999,0.00000000,0,0.00000000,0.00000000,0
1659056220.0,0.36290000,0.36290000,0.36290000,0.36290000,1715.00000000,1659056399999,622.37350000,1,0.00000000,0.00000000,0
1659056400.0,0.36290000,0.36320000,0.36290000,0.36290000,269.00000000,1659056579999,97.66170000,5,148.00000000,53.75080000,0
1659056580.0,0.36290000,0.36290000,0.36290000,0.36290000,3456.00000000,1659056759999,1254.18240000,1,3456.00000000,1254.18240000,0
1659056760.0,0.36230000,0.36230000,0.36230000,0.36230000,200.00000000,1659056939999,72.46000000,1,0.00000000,0.00000000,0
1659056940.0,0.36120000,0.36120000,0.36120000,0.36120000,318.00000000,1659057119999,114.86160000,1,318.00000000,114.86160000,0
1659057120.0,0.36120000,0.36120000,0.36120000,0.36120000,0.00000000,1659057299999,0.00000000,0,0.00000000,0.00000000,0
1659057300.0,0.36160000,0.36160000,0.36090000,0.36150000,3326.00000000,1659057479999,1202.59520000,3,3242.00000000,1172.27960000,0
1659057480.0,0.36090000,0.36090000,0.36060000,0.36090000,329.00000000,1659057659999,118.69470000,3,329.00000000,118.69470000,0
1659057660.0,0.36090000,0.36090000,0.36090000,0.36090000,0.00000000,1659057839999,0.00000000,0,0.00000000,0.00000000,0
1659057840.0,0.36050000,0.36060000,0.36050000,0.36060000,3277.00000000,1659058019999,1181.45240000,3,3130.00000000,1128.45890000,0
1659058020.0,0.36030000,0.36030000,0.35970000,0.36020000,1006.00000000,1659058199999,362.19580000,5,453.00000000,163.19830000,0
1659058200.0,0.35950000,0.35950000,0.35840000,0.35840000,381.00000000,1659058379999,136.73400000,3,0.00000000,0.00000000,0
1659058380.0,0.35860000,0.35860000,0.35860000,0.35860000,254.00000000,1659058559999,91.08440000,1,0.00000000,0.00000000,0
1659058560.0,0.35950000,0.35950000,0.35950000,0.35950000,100.00000000,1659058739999,35.95000000,1,100.00000000,35.95000000,0
1659058740.0,0.35940000,0.35940000,0.35940000,0.35940000,1871.00000000,1659058919999,672.43740000,2,1459.00000000,524.36460000,0
1659058920.0,0.35940000,0.35940000,0.35880000,0.35880000,427.00000000,1659059099999,153.25460000,3,88.00000000,31.61840000,0
1659059100.0,0.35950000,0.35980000,0.35950000,0.35980000,575.00000000,1659059279999,206.77250000,2,575.00000000,206.77250000,0
1659059280.0,0.35980000,0.35980000,0.35980000,0.35980000,0.00000000,1659059459999,0.00000000,0,0.00000000,0.00000000,0
1659059460.0,0.35980000,0.35980000,0.35980000,0.35980000,0.00000000,1659059639999,0.00000000,0,0.00000000,0.00000000,0
1659059640.0,0.35980000,0.35980000,0.35980000,0.35980000,0.00000000,1659059819999,0.00000000,0,0.00000000,0.00000000,0
1659059820.0,0.36090000,0.36090000,0.36050000,0.36050000,409.00000000,1659059999999,147.49290000,2,121.00000000,43.66890000,0
1659060000.0,0.36050000,0.36150000,0.36050000,0.36150000,244.00000000,1659060179999,88.03000000,2,68.00000000,24.58200000,0
1659060180.0,0.36150000,0.36150000,0.36150000,0.36150000,0.00000000,1659060359999,0.00000000,0,0.00000000,0.00000000,0
1659060360.0,0.36110000,0.36110000,0.36110000,0.36110000,58.00000000,1659060539999,20.94380000,1,58.00000000,20.94380000,0
1659060540.0,0.36150000,0.36220000,0.36150000,0.36220000,1430.00000000,1659060719999,517.90820000,2,1430.00000000,517.90820000,0
1659060720.0,0.36220000,0.36220000,0.36220000,0.36220000,0.00000000,1659060899999,0.00000000,0,0.00000000,0.00000000,0
1659060900.0,0.36290000,0.36290000,0.36290000,0.36290000,361.00000000,1659061079999,131.00690000,1,361.00000000,131.00690000,0
1659061080.0,0.36230000,0.36290000,0.36230000,0.36290000,621.00000000,1659061259999,225.13710000,3,0.00000000,0.00000000,0
1659061260.0,0.36290000,0.36290000,0.36290000,0.36290000,0.00000000,1659061439999,0.00000000,0,0.00000000,0.00000000,0
1659061440.0,0.35990000,0.35990000,0.35990000,0.35990000,500.00000000,1659061619999,179.95000000,1,0.00000000,0.00000000,0
1659061620.0,0.35990000,0.35990000,0.35990000,0.35990000,0.00000000,1659061799999,0.00000000,0,0.00000000,0.00000000,0
1659061800.0,0.36140000,0.36140000,0.36140000,0.36140000,267.00000000,1659061979999,96.49380000,1,0.00000000,0.00000000,0
1659061980.0,0.36160000,0.36160000,0.36120000,0.36120000,476.00000000,1659062159999,171.96400000,4,476.00000000,171.96400000,0
1659062160.0,0.36120000,0.36120000,0.36120000,0.36120000,0.00000000,1659062339999,0.00000000,0,0.00000000,0.00000000,0
1659062340.0,0.36120000,0.36120000,0.36120000,0.36120000,0.00000000,1659062519999,0.00000000,0,0.00000000,0.00000000,0
1659062520.0,0.36120000,0.36120000,0.36120000,0.36120000,0.00000000,1659062699999,0.00000000,0,0.00000000,0.00000000,0
1659062700.0,0.36220000,0.36260000,0.36220000,0.36260000,225.00000000,1659062879999,81.55460000,2,149.00000000,54.02740000,0
1659062880.0,0.36230000,0.36230000,0.36230000,0.36230000,60.00000000,1659063059999,21.73800000,1,60.00000000,21.73800000,0
1659063060.0,0.36230000,0.36230000,0.36230000,0.36230000,0.00000000,1659063239999,0.00000000,0,0.00000000,0.00000000,0
1659063240.0,0.36230000,0.36230000,0.36230000,0.36230000,0.00000000,1659063419999,0.00000000,0,0.00000000,0.00000000,0
1659063420.0,0.36230000,0.36260000,0.36230000,0.36260000,442.00000000,1659063599999,160.26080000,2,414.00000000,150.11640000,0
1659063600.0,0.36330000,0.36370000,0.36330000,0.36370000,436.00000000,1659063779999,158.45540000,3,436.00000000,158.45540000,0
1659063780.0,0.36370000,0.36370000,0.36370000,0.36370000,0.00000000,1659063959999,0.00000000,0,0.00000000,0.00000000,0
1659063960.0,0.36290000,0.36290000,0.36290000,0.36290000,159.00000000,1659064139999,57.70110000,1,159.00000000,57.70110000,0
1659064140.0,0.36360000,0.36360000,0.36360000,0.36360000,28.00000000,1659064319999,10.18080000,1,28.00000000,10.18080000,0
1659064320.0,0.36360000,0.36360000,0.36360000,0.36360000,0.00000000,1659064499999,0.00000000,0,0.00000000,0.00000000,0
1659064500.0,0.36360000,0.36360000,0.36360000,0.36360000,0.00000000,1659064679999,0.00000000,0,0.00000000,0.00000000,0
1659064680.0,0.36360000,0.36360000,0.36360000,0.36360000,0.00000000,1659064859999,0.00000000,0,0.00000000,0.00000000,0
1659064860.0,0.36360000,0.36360000,0.36360000,0.36360000,0.00000000,1659065039999,0.00000000,0,0.00000000,0.00000000,0
1659065040.0,0.36360000,0.36360000,0.36360000,0.36360000,0.00000000,1659065219999,0.00000000,0,0.00000000,0.00000000,0
1659065220.0,0.36400000,0.36400000,0.36400000,0.36400000,128.00000000,1659065399999,46.59200000,1,128.00000000,46.59200000,0
1659065400.0,0.36590000,0.36670000,0.36590000,0.36670000,18355.00000000,1659065579999,6727.53090000,5,18355.00000000,6727.53090000,0
1659065580.0,0.36620000,0.36860000,0.36620000,0.36860000,10215.00000000,1659065759999,3763.82940000,6,5622.00000000,2071.09620000,0
1659065760.0,0.36890000,0.37200000,0.36890000,0.37200000,26780.00000000,1659065939999,9920.05740000,15,9820.00000000,3633.04780000,0
1659065940.0,0.37200000,0.37320000,0.37200000,0.37320000,29689.00000000,1659066119999,11047.71700000,4,26899.00000000,10006.48900000,0
1659066120.0,0.37260000,0.37360000,0.37240000,0.37280000,20421.00000000,1659066299999,7615.69160000,5,200.00000000,74.70000000,0
1659066300.0,0.37250000,0.37410000,0.37250000,0.37410000,12390.00000000,1659066479999,4629.97020000,4,6179.00000000,2311.56390000,0
1659066480.0,0.37450000,0.37450000,0.37450000,0.37450000,27.00000000,1659066659999,10.11150000,1,27.00000000,10.11150000,0
1659066660.0,0.37450000,0.37450000,0.37450000,0.37450000,0.00000000,1659066839999,0.00000000,0,0.00000000,0.00000000,0
1659066840.0,0.37250000,0.37300000,0.37180000,0.37180000,12492.00000000,1659067019999,4654.49040000,6,0.00000000,0.00000000,0
1659067020.0,0.37290000,0.37290000,0.37290000,0.37290000,91.00000000,1659067199999,33.93390000,1,0.00000000,0.00000000,0
1659067200.0,0.37290000,0.37290000,0.37290000,0.37290000,0.00000000,1659067379999,0.00000000,0,0.00000000,0.00000000,0
1659067380.0,0.37290000,0.37290000,0.37290000,0.37290000,0.00000000,1659067559999,0.00000000,0,0.00000000,0.00000000,0
1659067560.0,0.37290000,0.37290000,0.37290000,0.37290000,0.00000000,1659067739999,0.00000000,0,0.00000000,0.00000000,0
1659067740.0,0.37450000,0.37490000,0.37450000,0.37490000,416.00000000,1659067919999,155.92060000,3,416.00000000,155.92060000,0
1659067920.0,0.37250000,0.37250000,0.37250000,0.37250000,1000.00000000,1659068099999,372.50000000,1,0.00000000,0.00000000,0
1659068100.0,0.37250000,0.37250000,0.37250000,0.37250000,177.00000000,1659068279999,65.93250000,2,0.00000000,0.00000000,0
1659068280.0,0.37250000,0.37250000,0.37250000,0.37250000,0.00000000,1659068459999,0.00000000,0,0.00000000,0.00000000,0
1659068460.0,0.37340000,0.37340000,0.37340000,0.37340000,232.00000000,1659068639999,86.62880000,1,232.00000000,86.62880000,0
1659068640.0,0.37230000,0.37230000,0.37230000,0.37230000,551.00000000,1659068819999,205.13730000,2,0.00000000,0.00000000,0
1659068820.0,0.37240000,0.37240000,0.37240000,0.37240000,350.00000000,1659068999999,130.34000000,1,350.00000000,130.34000000,0
1659069000.0,0.37250000,0.37250000,0.37250000,0.37250000,6013.00000000,1659069179999,2239.84250000,1,6013.00000000,2239.84250000,0
1659069180.0,0.37340000,0.37340000,0.37340000,0.37340000,8267.00000000,1659069359999,3086.89780000,3,8267.00000000,3086.89780000,0
1659069360.0,0.37290000,0.37290000,0.37290000,0.37290000,6487.00000000,1659069539999,2419.00230000,1,6487.00000000,2419.00230000,0
1659069540.0,0.37290000,0.37290000,0.37290000,0.37290000,0.00000000,1659069719999,0.00000000,0,0.00000000,0.00000000,0
1659069720.0,0.37110000,0.37110000,0.37110000,0.37110000,1134.00000000,1659069899999,420.82740000,1,0.00000000,0.00000000,0
1659069900.0,0.37160000,0.37160000,0.37160000,0.37160000,400.00000000,1659070079999,148.64000000,1,0.00000000,0.00000000,0
1659070080.0,0.37160000,0.37160000,0.37160000,0.37160000,0.00000000,1659070259999,0.00000000,0,0.00000000,0.00000000,0
1659070260.0,0.37160000,0.37160000,0.37160000,0.37160000,5621.00000000,1659070439999,2088.76360000,1,5621.00000000,2088.76360000,0
1659070440.0,0.37240000,0.37240000,0.37240000,0.37240000,2813.00000000,1659070619999,1047.56120000,1,0.00000000,0.00000000,0
1659070620.0,0.37210000,0.37210000,0.37210000,0.37210000,948.00000000,1659070799999,352.75080000,1,0.00000000,0.00000000,0
1659070800.0,0.37200000,0.37200000,0.37200000,0.37200000,46.00000000,1659070979999,17.11200000,1,0.00000000,0.00000000,0
1659070980.0,0.37200000,0.37200000,0.37200000,0.37200000,0.00000000,1659071159999,0.00000000,0,0.00000000,0.00000000,0
1659071160.0,0.37200000,0.37200000,0.37200000,0.37200000,0.00000000,1659071339999,0.00000000,0,0.00000000,0.00000000,0
1659071340.0,0.37030000,0.37030000,0.36940000,0.36940000,5375.00000000,1659071519999,1985.63480000,2,0.00000000,0.00000000,0
1659071520.0,0.36810000,0.36810000,0.36800000,0.36800000,28982.00000000,1659071699999,10665.38820000,2,0.00000000,0.00000000,0
1659071700.0,0.36800000,0.36800000,0.36800000,0.36800000,0.00000000,1659071879999,0.00000000,0,0.00000000,0.00000000,0
1659071880.0,0.36800000,0.36800000,0.36800000,0.36800000,0.00000000,1659072059999,0.00000000,0,0.00000000,0.00000000,0
1659072060.0,0.36800000,0.36800000,0.36800000,0.36800000,0.00000000,1659072239999,0.00000000,0,0.00000000,0.00000000,0
1659072240.0,0.36800000,0.36800000,0.36800000,0.36800000,0.00000000,1659072419999,0.00000000,0,0.00000000,0.00000000,0
1659072420.0,0.36800000,0.36800000,0.36800000,0.36800000,0.00000000,1659072599999,0.00000000,0,0.00000000,0.00000000,0
1659072600.0,0.36800000,0.36800000,0.36800000,0.36800000,0.00000000,1659072779999,0.00000000,0,0.00000000,0.00000000,0
1659072780.0,0.36800000,0.36800000,0.36800000,0.36800000,0.00000000,1659072959999,0.00000000,0,0.00000000,0.00000000,0
1659072960.0,0.37030000,0.37030000,0.37030000,0.37030000,122.00000000,1659073139999,45.17660000,1,122.00000000,45.17660000,0
1659073140.0,0.37030000,0.37030000,0.37030000,0.37030000,0.00000000,1659073319999,0.00000000,0,0.00000000,0.00000000,0
1659073320.0,0.37030000,0.37030000,0.37030000,0.37030000,0.00000000,1659073499999,0.00000000,0,0.00000000,0.00000000,0
1659073500.0,0.37030000,0.37030000,0.37030000,0.37030000,0.00000000,1659073679999,0.00000000,0,0.00000000,0.00000000,0
1659073680.0,0.37030000,0.37030000,0.37030000,0.37030000,0.00000000,1659073859999,0.00000000,0,0.00000000,0.00000000,0
1659073860.0,0.37250000,0.37250000,0.37030000,0.37030000,244.00000000,1659074039999,90.62160000,2,122.00000000,45.44500000,0
1659074040.0,0.37250000,0.37250000,0.37250000,0.37250000,122.00000000,1659074219999,45.44500000,1,122.00000000,45.44500000,0
1659074220.0,0.37250000,0.37250000,0.37250000,0.37250000,0.00000000,1659074399999,0.00000000,0,0.00000000,0.00000000,0
1659074400.0,0.37180000,0.37180000,0.37180000,0.37180000,75.00000000,1659074579999,27.88500000,1,0.00000000,0.00000000,0
1659074580.0,0.37180000,0.37180000,0.37180000,0.37180000,0.00000000,1659074759999,0.00000000,0,0.00000000,0.00000000,0
1659074760.0,0.37090000,0.37090000,0.37090000,0.37090000,1862.00000000,1659074939999,690.61580000,1,0.00000000,0.00000000,0
1659074940.0,0.37090000,0.37090000,0.37090000,0.37090000,0.00000000,1659075119999,0.00000000,0,0.00000000,0.00000000,0
1659075120.0,0.37030000,0.37030000,0.37030000,0.37030000,122.00000000,1659075299999,45.17660000,1,0.00000000,0.00000000,0
1659075300.0,0.37030000,0.37030000,0.37030000,0.37030000,0.00000000,1659075479999,0.00000000,0,0.00000000,0.00000000,0
1659075480.0,0.37030000,0.37030000,0.37030000,0.37030000,0.00000000,1659075659999,0.00000000,0,0.00000000,0.00000000,0
1659075660.0,0.37030000,0.37030000,0.37030000,0.37030000,0.00000000,1659075839999,0.00000000,0,0.00000000,0.00000000,0
1659075840.0,0.37030000,0.37030000,0.37030000,0.37030000,0.00000000,1659076019999,0.00000000,0,0.00000000,0.00000000,0
1659076020.0,0.37030000,0.37030000,0.37030000,0.37030000,0.00000000,1659076199999,0.00000000,0,0.00000000,0.00000000,0
1659076200.0,0.37090000,0.37090000,0.37090000,0.37090000,5959.00000000,1659076379999,2210.19310000,1,5959.00000000,2210.19310000,0
1659076380.0,0.37090000,0.37090000,0.37090000,0.37090000,0.00000000,1659076559999,0.00000000,0,0.00000000,0.00000000,0
1659076560.0,0.37250000,0.37550000,0.37250000,0.37400000,2538.00000000,1659076739999,949.08070000,6,540.00000000,201.82870000,0
1659076740.0,0.37410000,0.37410000,0.37410000,0.37410000,33.00000000,1659076919999,12.34530000,1,0.00000000,0.00000000,0
1659076920.0,0.37410000,0.37410000,0.37410000,0.37410000,1947.00000000,1659077099999,728.37270000,1,0.00000000,0.00000000,0
1659077100.0,0.37310000,0.37360000,0.37030000,0.37060000,5940.00000000,1659077279999,2214.41240000,7,144.00000000,53.44440000,0
1659077280.0,0.37020000,0.37020000,0.37010000,0.37010000,5265.00000000,1659077459999,1948.58360000,2,0.00000000,0.00000000,0
1659077460.0,0.37010000,0.37010000,0.37010000,0.37010000,0.00000000,1659077639999,0.00000000,0,0.00000000,0.00000000,0
1659077640.0,0.37010000,0.37010000,0.37010000,0.37010000,0.00000000,1659077819999,0.00000000,0,0.00000000,0.00000000,0
1659077820.0,0.36990000,0.36990000,0.36760000,0.36760000,5949.00000000,1659077999999,2199.06020000,4,519.00000000,190.78440000,0
1659078000.0,0.36720000,0.36720000,0.36420000,0.36420000,26071.00000000,1659078179999,9527.81430000,6,6782.00000000,2473.39540000,0
1659078180.0,0.36500000,0.36520000,0.36500000,0.36520000,115.00000000,1659078359999,41.98600000,2,115.00000000,41.98600000,0
1659078360.0,0.36570000,0.36570000,0.36530000,0.36530000,14545.00000000,1659078539999,5315.47450000,3,0.00000000,0.00000000,0
1659078540.0,0.36530000,0.36530000,0.36530000,0.36530000,0.00000000,1659078719999,0.00000000,0,0.00000000,0.00000000,0
1659078720.0,0.36370000,0.36400000,0.36370000,0.36400000,6853.00000000,1659078899999,2494.45540000,2,6731.00000000,2450.08400000,0
1659078900.0,0.36400000,0.36400000,0.36400000,0.36400000,0.00000000,1659079079999,0.00000000,0,0.00000000,0.00000000,0
1659079080.0,0.36400000,0.36400000,0.36400000,0.36400000,0.00000000,1659079259999,0.00000000,0,0.00000000,0.00000000,0
1659079260.0,0.36350000,0.36350000,0.36210000,0.36210000,14335.00000000,1659079439999,5201.34110000,4,5637.00000000,2041.15770000,0
1659079440.0,0.36250000,0.36250000,0.36250000,0.36250000,4782.00000000,1659079619999,1733.47500000,1,0.00000000,0.00000000,0
1659079620.0,0.36260000,0.36260000,0.36260000,0.36260000,7057.00000000,1659079799999,2558.86820000,1,7057.00000000,2558.86820000,0
1659079800.0,0.36260000,0.36260000,0.36260000,0.36260000,0.00000000,1659079979999,0.00000000,0,0.00000000,0.00000000,0
1659079980.0,0.36260000,0.36260000,0.36260000,0.36260000,0.00000000,1659080159999,0.00000000,0,0.00000000,0.00000000,0
1659080160.0,0.36260000,0.36260000,0.36260000,0.36260000,0.00000000,1659080339999,0.00000000,0,0.00000000,0.00000000,0
1659080340.0,0.36260000,0.36260000,0.36260000,0.36260000,0.00000000,1659080519999,0.00000000,0,0.00000000,0.00000000,0
1659080520.0,0.36260000,0.36260000,0.36260000,0.36260000,0.00000000,1659080699999,0.00000000,0,0.00000000,0.00000000,0
1659080700.0,0.36450000,0.36450000,0.36450000,0.36450000,2873.00000000,1659080879999,1047.20850000,1,2873.00000000,1047.20850000,0
1659080880.0,0.36450000,0.36450000,0.36450000,0.36450000,0.00000000,1659081059999,0.00000000,0,0.00000000,0.00000000,0
1659081060.0,0.36450000,0.36450000,0.36450000,0.36450000,0.00000000,1659081239999,0.00000000,0,0.00000000,0.00000000,0
1659081240.0,0.36450000,0.36450000,0.36450000,0.36450000,0.00000000,1659081419999,0.00000000,0,0.00000000,0.00000000,0
1659081420.0,0.36440000,0.36440000,0.36440000,0.36440000,6623.00000000,1659081599999,2413.42120000,1,6623.00000000,2413.42120000,0
1659081600.0,0.36440000,0.36440000,0.36440000,0.36440000,0.00000000,1659081779999,0.00000000,0,0.00000000,0.00000000,0
1659081780.0,0.36540000,0.36540000,0.36540000,0.36540000,5519.00000000,1659081959999,2016.64260000,1,0.00000000,0.00000000,0
1659081960.0,0.36540000,0.36540000,0.36540000,0.36540000,0.00000000,1659082139999,0.00000000,0,0.00000000,0.00000000,0
1659082140.0,0.36150000,0.36150000,0.36150000,0.36150000,122.00000000,1659082319999,44.10300000,1,0.00000000,0.00000000,0
1659082320.0,0.36370000,0.36370000,0.36370000,0.36370000,122.00000000,1659082499999,44.37140000,1,122.00000000,44.37140000,0
1659082500.0,0.36370000,0.36370000,0.36370000,0.36370000,0.00000000,1659082679999,0.00000000,0,0.00000000,0.00000000,0
1659082680.0,0.36520000,0.36520000,0.36520000,0.36520000,2849.00000000,1659082859999,1040.45480000,1,2849.00000000,1040.45480000,0
1659082860.0,0.36520000,0.36520000,0.36520000,0.36520000,0.00000000,1659083039999,0.00000000,0,0.00000000,0.00000000,0
1659083040.0,0.36520000,0.36520000,0.36520000,0.36520000,0.00000000,1659083219999,0.00000000,0,0.00000000,0.00000000,0
1659083220.0,0.36520000,0.36520000,0.36520000,0.36520000,0.00000000,1659083399999,0.00000000,0,0.00000000,0.00000000,0
1659083400.0,0.36520000,0.36520000,0.36520000,0.36520000,0.00000000,1659083579999,0.00000000,0,0.00000000,0.00000000,0
1659083580.0,0.36520000,0.36520000,0.36520000,0.36520000,0.00000000,1659083759999,0.00000000,0,0.00000000,0.00000000,0
1659083760.0,0.36520000,0.36520000,0.36520000,0.36520000,0.00000000,1659083939999,0.00000000,0,0.00000000,0.00000000,0
1659083940.0,0.36520000,0.36520000,0.36520000,0.36520000,0.00000000,1659084119999,0.00000000,0,0.00000000,0.00000000,0
1659084120.0,0.36520000,0.36520000,0.36520000,0.36520000,0.00000000,1659084299999,0.00000000,0,0.00000000,0.00000000,0
1659084300.0,0.36520000,0.36520000,0.36520000,0.36520000,0.00000000,1659084479999,0.00000000,0,0.00000000,0.00000000,0
1659084480.0,0.36520000,0.36520000,0.36520000,0.36520000,0.00000000,1659084659999,0.00000000,0,0.00000000,0.00000000,0
1659084660.0,0.36440000,0.36440000,0.36440000,0.36440000,328.00000000,1659084839999,119.52320000,1,328.00000000,119.52320000,0
1659084840.0,0.36440000,0.36440000,0.36440000,0.36440000,0.00000000,1659085019999,0.00000000,0,0.00000000,0.00000000,0
1659085020.0,0.36440000,0.36440000,0.36440000,0.36440000,16500.00000000,1659085199999,6012.60000000,3,0.00000000,0.00000000,0
1659085200.0,0.36440000,0.36440000,0.36440000,0.36440000,0.00000000,1659085379999,0.00000000,0,0.00000000,0.00000000,0
1659085380.0,0.36440000,0.36440000,0.36440000,0.36440000,0.00000000,1659085559999,0.00000000,0,0.00000000,0.00000000,0
1659085560.0,0.36440000,0.36440000,0.36440000,0.36440000,0.00000000,1659085739999,0.00000000,0,0.00000000,0.00000000,0
1659085740.0,0.36440000,0.36440000,0.36440000,0.36440000,0.00000000,1659085919999,0.00000000,0,0.00000000,0.00000000,0
1659085920.0,0.36440000,0.36440000,0.36440000,0.36440000,0.00000000,1659086099999,0.00000000,0,0.00000000,0.00000000,0
1659086100.0,0.36490000,0.36490000,0.36490000,0.36490000,3210.00000000,1659086279999,1171.32900000,1,0.00000000,0.00000000,0
1659086280.0,0.36490000,0.36490000,0.36490000,0.36490000,0.00000000,1659086459999,0.00000000,0,0.00000000,0.00000000,0
1659086460.0,0.36490000,0.36490000,0.36490000,0.36490000,0.00000000,1659086639999,0.00000000,0,0.00000000,0.00000000,0
1659086640.0,0.36490000,0.36490000,0.36490000,0.36490000,0.00000000,1659086819999,0.00000000,0,0.00000000,0.00000000,0
1659086820.0,0.36460000,0.36460000,0.36460000,0.36460000,280.00000000,1659086999999,102.08800000,1,0.00000000,0.00000000,0
1659087000.0,0.36570000,0.36570000,0.36570000,0.36570000,820.00000000,1659087179999,299.87400000,1,820.00000000,299.87400000,0
1659087180.0,0.36590000,0.36590000,0.36590000,0.36590000,122.00000000,1659087359999,44.63980000,1,122.00000000,44.63980000,0
1659087360.0,0.36590000,0.36590000,0.36590000,0.36590000,0.00000000,1659087539999,0.00000000,0,0.00000000,0.00000000,0
1659087540.0,0.36590000,0.36590000,0.36590000,0.36590000,0.00000000,1659087719999,0.00000000,0,0.00000000,0.00000000,0
1659087720.0,0.36590000,0.36590000,0.36590000,0.36590000,0.00000000,1659087899999,0.00000000,0,0.00000000,0.00000000,0
1659087900.0,0.36680000,0.36680000,0.36680000,0.36680000,273.00000000,1659088079999,100.13640000,1,273.00000000,100.13640000,0
1659088080.0,0.36580000,0.36580000,0.36580000,0.36580000,60.00000000,1659088259999,21.94800000,1,0.00000000,0.00000000,0
1659088260.0,0.36660000,0.36660000,0.36660000,0.36660000,2727.00000000,1659088439999,999.71820000,1,0.00000000,0.00000000,0
1659088440.0,0.36710000,0.36710000,0.36710000,0.36710000,457.00000000,1659088619999,167.76470000,1,457.00000000,167.76470000,0
1659088620.0,0.36710000,0.36710000,0.36710000,0.36710000,0.00000000,1659088799999,0.00000000,0,0.00000000,0.00000000,0
1659088800.0,0.36810000,0.36830000,0.36810000,0.36830000,795.00000000,1659088979999,292.77410000,2,795.00000000,292.77410000,0
1659088980.0,0.36750000,0.36750000,0.36750000,0.36750000,2724.00000000,1659089159999,1001.07000000,1,0.00000000,0.00000000,0
1659089160.0,0.36890000,0.36890000,0.36890000,0.36890000,66.00000000,1659089339999,24.34740000,1,66.00000000,24.34740000,0
1659089340.0,0.36890000,0.36890000,0.36890000,0.36890000,0.00000000,1659089519999,0.00000000,0,0.00000000,0.00000000,0
1659089520.0,0.36810000,0.36810000,0.36810000,0.36810000,271.00000000,1659089699999,99.75510000,1,0.00000000,0.00000000,0
1659089700.0,0.36810000,0.36810000,0.36810000,0.36810000,0.00000000,1659089879999,0.00000000,0,0.00000000,0.00000000,0
1659089880.0,0.36740000,0.36740000,0.36690000,0.36690000,70.00000000,1659090059999,25.69750000,2,29.00000000,10.65460000,0
1659090060.0,0.36690000,0.36690000,0.36690000,0.36690000,95.00000000,1659090239999,34.85550000,1,0.00000000,0.00000000,0
1659090240.0,0.36670000,0.36670000,0.36670000,0.36670000,71.00000000,1659090419999,26.03570000,1,71.00000000,26.03570000,0
1659090420.0,0.36590000,0.36620000,0.36590000,0.36620000,257.00000000,1659090599999,94.07680000,2,135.00000000,49.43700000,0
1659090600.0,0.36520000,0.36520000,0.36520000,0.36520000,416.00000000,1659090779999,151.92320000,1,0.00000000,0.00000000,0
1659090780.0,0.36630000,0.36630000,0.36630000,0.36630000,242.00000000,1659090959999,88.64460000,1,242.00000000,88.64460000,0
1659090960.0,0.36630000,0.36630000,0.36630000,0.36630000,0.00000000,1659091139999,0.00000000,0,0.00000000,0.00000000,0
1659091140.0,0.36720000,0.36820000,0.36720000,0.36820000,14759.00000000,1659091319999,5422.86160000,6,14459.00000000,5312.40160000,0
1659091320.0,0.36820000,0.36820000,0.36820000,0.36820000,0.00000000,1659091499999,0.00000000,0,0.00000000,0.00000000,0
1659091500.0,0.36820000,0.36820000,0.36820000,0.36820000,0.00000000,1659091679999,0.00000000,0,0.00000000,0.00000000,0
1659091680.0,0.36820000,0.36820000,0.36820000,0.36820000,0.00000000,1659091859999,0.00000000,0,0.00000000,0.00000000,0
1659091860.0,0.36940000,0.36940000,0.36940000,0.36940000,1357.00000000,1659092039999,501.27580000,1,0.00000000,0.00000000,0
1659092040.0,0.36940000,0.36940000,0.36940000,0.36940000,844.00000000,1659092219999,311.77360000,2,0.00000000,0.00000000,0
1659092220.0,0.36940000,0.36940000,0.36940000,0.36940000,0.00000000,1659092399999,0.00000000,0,0.00000000,0.00000000,0
1659092400.0,0.36760000,0.36760000,0.36760000,0.36760000,1270.00000000,1659092579999,466.85200000,1,0.00000000,0.00000000,0
1659092580.0,0.37030000,0.37040000,0.37030000,0.37040000,5220.00000000,1659092759999,1933.47580000,2,5220.00000000,1933.47580000,0
1659092760.0,0.36840000,0.36840000,0.36840000,0.36840000,4430.00000000,1659092939999,1632.01200000,1,0.00000000,0.00000000,0
1659092940.0,0.36810000,0.36810000,0.36670000,0.36670000,5104.00000000,1659093119999,1871.80760000,2,4982.00000000,1826.89940000,0
1659093120.0,0.36670000,0.36670000,0.36670000,0.36670000,0.00000000,1659093299999,0.00000000,0,0.00000000,0.00000000,0
1659093300.0,0.36590000,0.36590000,0.36590000,0.36590000,122.00000000,1659093479999,44.63980000,1,0.00000000,0.00000000,0
1659093480.0,0.36640000,0.36640000,0.36640000,0.36640000,51.00000000,1659093659999,18.68640000,1,0.00000000,0.00000000,0
1659093660.0,0.36520000,0.36520000,0.36520000,0.36520000,1641.00000000,1659093839999,599.29320000,1,1641.00000000,599.29320000,0
1659093840.0,0.36490000,0.36490000,0.36140000,0.36140000,47061.00000000,1659094019999,17029.72800000,9,156.00000000,56.86080000,0
1659094020.0,0.36140000,0.36140000,0.36140000,0.36140000,60.00000000,1659094199999,21.68400000,1,60.00000000,21.68400000,0
1659094200.0,0.36140000,0.36140000,0.36140000,0.36140000,2033.00000000,1659094379999,734.72620000,1,2033.00000000,734.72620000,0
1659094380.0,0.36140000,0.36140000,0.36140000,0.36140000,30.00000000,1659094559999,10.84200000,1,0.00000000,0.00000000,0
1659094560.0,0.36000000,0.36020000,0.35940000,0.36020000,635.00000000,1659094739999,228.61940000,3,0.00000000,0.00000000,0
1659094740.0,0.36020000,0.36020000,0.35860000,0.35860000,13985.00000000,1659094919999,5016.13140000,2,0.00000000,0.00000000,0
1659094920.0,0.35720000,0.35720000,0.35670000,0.35670000,265.00000000,1659095099999,94.60650000,3,0.00000000,0.00000000,0
1659095100.0,0.35670000,0.35670000,0.35670000,0.35670000,0.00000000,1659095279999,0.00000000,0,0.00000000,0.00000000,0
1659095280.0,0.35670000,0.35670000,0.35670000,0.35670000,0.00000000,1659095459999,0.00000000,0,0.00000000,0.00000000,0
1659095460.0,0.35670000,0.35670000,0.35670000,0.35670000,0.00000000,1659095639999,0.00000000,0,0.00000000,0.00000000,0
1659095640.0,0.35830000,0.35830000,0.35820000,0.35820000,578.00000000,1659095819999,207.06400000,2,578.00000000,207.06400000,0
1659095820.0,0.35780000,0.35780000,0.35780000,0.35780000,43.00000000,1659095999999,15.38540000,1,0.00000000,0.00000000,0
1659096000.0,0.35900000,0.35940000,0.35890000,0.35890000,25572.00000000,1659096179999,9180.92220000,5,3062.00000000,1099.30680000,0
1659096180.0,0.35900000,0.35900000,0.35670000,0.35800000,27930.00000000,1659096359999,10020.73170000,7,26834.00000000,9628.57200000,0
1659096360.0,0.35830000,0.35830000,0.35830000,0.35830000,398.00000000,1659096539999,142.60340000,2,279.00000000,99.96570000,0
1659096540.0,0.35750000,0.35750000,0.35750000,0.35750000,468.00000000,1659096719999,167.31000000,1,0.00000000,0.00000000,0
1659096720.0,0.35700000,0.35750000,0.35700000,0.35750000,6266.00000000,1659096899999,2237.24100000,2,558.00000000,199.48500000,0
1659096900.0,0.35600000,0.35600000,0.35560000,0.35560000,263.00000000,1659097079999,93.54400000,2,0.00000000,0.00000000,0
1659097080.0,0.35560000,0.35560000,0.35560000,0.35560000,0.00000000,1659097259999,0.00000000,0,0.00000000,0.00000000,0
1659097260.0,0.35540000,0.35540000,0.35460000,0.35460000,3078.00000000,1659097439999,1091.53160000,3,2926.00000000,1037.55960000,0
1659097440.0,0.35410000,0.35410000,0.35320000,0.35320000,588.00000000,1659097619999,207.84000000,3,176.00000000,62.32160000,0
1659097620.0,0.35280000,0.35280000,0.35280000,0.35280000,122.00000000,1659097799999,43.04160000,1,0.00000000,0.00000000,0
1659097800.0,0.35250000,0.35410000,0.35250000,0.35410000,35135.00000000,1659097979999,12408.48940000,9,27577.00000000,9734.21130000,0
1659097980.0,0.35140000,0.35140000,0.35090000,0.35090000,42828.00000000,1659098159999,15038.15840000,5,5664.00000000,1987.49760000,0
1659098160.0,0.35090000,0.35090000,0.35090000,0.35090000,0.00000000,1659098339999,0.00000000,0,0.00000000,0.00000000,0
1659098340.0,0.35060000,0.35060000,0.35030000,0.35030000,1152.00000000,1659098519999,403.88220000,3,1000.00000000,350.60000000,0
1659098520.0,0.35030000,0.35030000,0.35030000,0.35030000,0.00000000,1659098699999,0.00000000,0,0.00000000,0.00000000,0
1659098700.0,0.34850000,0.34920000,0.34830000,0.34920000,7776.00000000,1659098879999,2709.83430000,6,1392.00000000,485.39040000,0
1659098880.0,0.34950000,0.35000000,0.34920000,0.35000000,5544.00000000,1659099059999,1936.23060000,3,5544.00000000,1936.23060000,0
1659099060.0,0.35060000,0.35060000,0.35040000,0.35040000,224.00000000,1659099239999,78.51400000,2,122.00000000,42.77320000,0
1659099240.0,0.35040000,0.35040000,0.35040000,0.35040000,0.00000000,1659099419999,0.00000000,0,0.00000000,0.00000000,0
1659099420.0,0.35040000,0.35100000,0.35040000,0.35100000,174.00000000,1659099599999,61.04880000,2,132.00000000,46.33200000,0
1659099600.0,0.35130000,0.35130000,0.35130000,0.35130000,567.00000000,1659099779999,199.18710000,1,567.00000000,199.18710000,0
1659099780.0,0.35160000,0.35160000,0.35130000,0.35130000,109.00000000,1659099959999,38.31390000,2,0.00000000,0.00000000,0
1659099960.0,0.35230000,0.35230000,0.35230000,0.35230000,837.00000000,1659100139999,294.87510000,1,837.00000000,294.87510000,0
1659100140.0,0.35200000,0.35200000,0.35200000,0.35200000,1136.00000000,1659100319999,399.87200000,5,0.00000000,0.00000000,0
1659100320.0,0.35140000,0.35140000,0.35100000,0.35100000,316.00000000,1659100499999,110.92840000,2,31.00000000,10.89340000,0
1659100500.0,0.35170000,0.35280000,0.35170000,0.35280000,577.00000000,1659100679999,203.06510000,4,577.00000000,203.06510000,0
1659100680.0,0.35390000,0.35390000,0.35390000,0.35390000,58.00000000,1659100859999,20.52620000,1,58.00000000,20.52620000,0
1659100860.0,0.35390000,0.35390000,0.35390000,0.35390000,0.00000000,1659101039999,0.00000000,0,0.00000000,0.00000000,0
1659101040.0,0.35460000,0.35460000,0.35460000,0.35460000,5827.00000000,1659101219999,2066.25420000,1,0.00000000,0.00000000,0
1659101220.0,0.35460000,0.35560000,0.35460000,0.35500000,3647.00000000,1659101399999,1294.95780000,4,694.00000000,246.71320000,0
1659101400.0,0.35500000,0.35500000,0.35500000,0.35500000,0.00000000,1659101579999,0.00000000,0,0.00000000,0.00000000,0
1659101580.0,0.35280000,0.35280000,0.35280000,0.35280000,122.00000000,1659101759999,43.04160000,1,0.00000000,0.00000000,0
1659101760.0,0.35280000,0.35280000,0.35160000,0.35220000,4525.00000000,1659101939999,1593.02650000,5,179.00000000,63.04380000,0
1659101940.0,0.35500000,0.35900000,0.35500000,0.35900000,71373.00000000,1659102119999,25556.62380000,18,71319.00000000,25537.37280000,0
1659102120.0,0.35840000,0.35840000,0.35750000,0.35790000,10402.00000000,1659102299999,3725.72780000,4,27.00000000,9.66330000,0
1659102300.0,0.35810000,0.35840000,0.35730000,0.35840000,1069.00000000,1659102479999,382.83360000,3,891.00000000,319.23420000,0
1659102480.0,0.35840000,0.35840000,0.35840000,0.35840000,0.00000000,1659102659999,0.00000000,0,0.00000000,0.00000000,0
1659102660.0,0.35730000,0.35840000,0.35730000,0.35830000,14627.00000000,1659102839999,5229.95480000,9,3870.00000000,1383.63570000,0
1659102840.0,0.35840000,0.35940000,0.35840000,0.35940000,197.00000000,1659103019999,70.74980000,3,197.00000000,70.74980000,0
1659103020.0,0.35840000,0.35840000,0.35840000,0.35840000,279.00000000,1659103199999,99.99360000,1,0.00000000,0.00000000,0
1659103200.0,0.35840000,0.35840000,0.35830000,0.35830000,285.00000000,1659103379999,102.11830000,2,257.00000000,92.08310000,0
1659103380.0,0.35840000,0.35930000,0.35840000,0.35900000,18180.00000000,1659103559999,6516.14460000,3,284.00000000,102.04120000,0
1659103560.0,0.36000000,0.36000000,0.36000000,0.36000000,27.00000000,1659103739999,9.72000000,1,27.00000000,9.72000000,0
1659103740.0,0.36150000,0.36240000,0.36120000,0.36240000,7896.00000000,1659103919999,2854.47740000,4,1507.00000000,546.02700000,0
1659103920.0,0.36090000,0.36210000,0.36090000,0.36190000,6982.00000000,1659104099999,2527.13290000,4,2886.00000000,1045.02060000,0
1659104100.0,0.36260000,0.36260000,0.36240000,0.36240000,5672.00000000,1659104279999,2056.65460000,3,5672.00000000,2056.65460000,0
1659104280.0,0.36220000,0.36220000,0.36220000,0.36220000,52.00000000,1659104459999,18.83440000,1,0.00000000,0.00000000,0
1659104460.0,0.36220000,0.36340000,0.36220000,0.36340000,2881.00000000,1659104639999,1043.54740000,3,2826.00000000,1023.62640000,0
1659104640.0,0.36350000,0.36450000,0.36290000,0.36450000,3187.00000000,1659104819999,1158.50130000,5,3146.00000000,1143.62240000,0
1659104820.0,0.36450000,0.36450000,0.36400000,0.36400000,770.00000000,1659104999999,280.48550000,2,0.00000000,0.00000000,0
1659105000.0,0.36500000,0.36500000,0.36360000,0.36360000,9107.00000000,1659105179999,3315.24620000,2,0.00000000,0.00000000,0
1659105180.0,0.36320000,0.36320000,0.36320000,0.36320000,30.00000000,1659105359999,10.89600000,1,30.00000000,10.89600000,0
1659105360.0,0.36420000,0.36420000,0.36420000,0.36420000,2742.00000000,1659105539999,998.63640000,1,2742.00000000,998.63640000,0
1659105540.0,0.36520000,0.36520000,0.36520000,0.36520000,3302.00000000,1659105719999,1205.89040000,1,3302.00000000,1205.89040000,0
1659105720.0,0.36460000,0.36460000,0.36460000,0.36460000,212.00000000,1659105899999,77.29520000,1,212.00000000,77.29520000,0
1659105900.0,0.36310000,0.36310000,0.36300000,0.36300000,8392.00000000,1659106079999,3046.61420000,2,0.00000000,0.00000000,0
1659106080.0,0.36300000,0.36300000,0.36300000,0.36300000,0.00000000,1659106259999,0.00000000,0,0.00000000,0.00000000,0
1659106260.0,0.36300000,0.36390000,0.36300000,0.36360000,4057.00000000,1659106439999,1474.18900000,4,3507.00000000,1274.53900000,0
1659106440.0,0.36360000,0.36360000,0.36360000,0.36360000,33.00000000,1659106619999,11.99880000,1,0.00000000,0.00000000,0
1659106620.0,0.36150000,0.36230000,0.36150000,0.36230000,350.00000000,1659106799999,126.70740000,3,228.00000000,82.60440000,0
1659106800.0,0.36230000,0.36230000,0.36230000,0.36230000,0.00000000,1659106979999,0.00000000,0,0.00000000,0.00000000,0
1659106980.0,0.36230000,0.36230000,0.36230000,0.36230000,0.00000000,1659107159999,0.00000000,0,0.00000000,0.00000000,0
1659107160.0,0.36230000,0.36230000,0.36230000,0.36230000,0.00000000,1659107339999,0.00000000,0,0.00000000,0.00000000,0
1659107340.0,0.36230000,0.36230000,0.36230000,0.36230000,0.00000000,1659107519999,0.00000000,0,0.00000000,0.00000000,0
1659107520.0,0.36240000,0.36240000,0.36240000,0.36240000,27.00000000,1659107699999,9.78480000,1,27.00000000,9.78480000,0
1659107700.0,0.36170000,0.36170000,0.35990000,0.35990000,3465.00000000,1659107879999,1247.55030000,3,276.00000000,99.82920000,0
1659107880.0,0.35960000,0.35960000,0.35960000,0.35960000,142.00000000,1659108059999,51.06320000,1,0.00000000,0.00000000,0
1659108060.0,0.35960000,0.35960000,0.35960000,0.35960000,0.00000000,1659108239999,0.00000000,0,0.00000000,0.00000000,0
1659108240.0,0.36040000,0.36040000,0.36040000,0.36040000,63.00000000,1659108419999,22.70520000,1,63.00000000,22.70520000,0
1659108420.0,0.35940000,0.35940000,0.35940000,0.35940000,122.00000000,1659108599999,43.84680000,1,0.00000000,0.00000000,0
1659108600.0,0.35890000,0.35890000,0.35890000,0.35890000,97.00000000,1659108779999,34.81330000,1,97.00000000,34.81330000,0
1659108780.0,0.35890000,0.35890000,0.35890000,0.35890000,0.00000000,1659108959999,0.00000000,0,0.00000000,0.00000000,0
1659108960.0,0.35890000,0.35890000,0.35890000,0.35890000,0.00000000,1659109139999,0.00000000,0,0.00000000,0.00000000,0
1659109140.0,0.36110000,0.36110000,0.36100000,0.36100000,1002.00000000,1659109319999,361.72530000,3,1002.00000000,361.72530000,0
1659109320.0,0.36080000,0.36080000,0.36080000,0.36080000,140.00000000,1659109499999,50.51200000,1,140.00000000,50.51200000,0
1659109500.0,0.36080000,0.36080000,0.36080000,0.36080000,4000.00000000,1659109679999,1443.20000000,1,4000.00000000,1443.20000000,0
1659109680.0,0.36080000,0.36110000,0.36080000,0.36100000,1752.00000000,1659109859999,632.49970000,3,1722.00000000,621.67570000,0
1659109860.0,0.36110000,0.36140000,0.36110000,0.36140000,1452.00000000,1659110039999,524.68230000,2,1452.00000000,524.68230000,0
1659110040.0,0.36100000,0.36100000,0.36100000,0.36100000,277.00000000,1659110219999,99.99700000,1,277.00000000,99.99700000,0
1659110220.0,0.36060000,0.36060000,0.36050000,0.36050000,227.00000000,1659110399999,81.84030000,3,227.00000000,81.84030000,0
1659110400.0,0.35890000,0.35890000,0.35700000,0.35700000,975.00000000,1659110579999,349.17070000,4,0.00000000,0.00000000,0
1659110580.0,0.35690000,0.35690000,0.35690000,0.35690000,2924.00000000,1659110759999,1043.57560000,1,0.00000000,0.00000000,0
1659110760.0,0.35690000,0.35690000,0.35500000,0.35500000,2934.00000000,1659110939999,1046.91280000,2,2812.00000000,1003.60280000,0
1659110940.0,0.35520000,0.35520000,0.35460000,0.35460000,7127.00000000,1659111119999,2527.27020000,2,7127.00000000,2527.27020000,0
1659111120.0,0.35280000,0.35280000,0.35280000,0.35280000,122.00000000,1659111299999,43.04160000,1,0.00000000,0.00000000,0
1659111300.0,0.35280000,0.35490000,0.35280000,0.35490000,221.00000000,1659111479999,78.32370000,2,221.00000000,78.32370000,0
1659111480.0,0.35450000,0.35450000,0.35400000,0.35400000,3957.00000000,1659111659999,1402.19200000,2,3957.00000000,1402.19200000,0
1659111660.0,0.35370000,0.35370000,0.35350000,0.35350000,89.00000000,1659111839999,31.47350000,2,89.00000000,31.47350000,0
1659111840.0,0.35240000,0.35250000,0.35200000,0.35200000,11088.00000000,1659112019999,3903.66950000,6,0.00000000,0.00000000,0
1659112020.0,0.35200000,0.35200000,0.35200000,0.35200000,0.00000000,1659112199999,0.00000000,0,0.00000000,0.00000000,0
1659112200.0,0.35230000,0.35230000,0.35230000,0.35230000,230.00000000,1659112379999,81.02900000,1,0.00000000,0.00000000,0
1659112380.0,0.35230000,0.35230000,0.35230000,0.35230000,0.00000000,1659112559999,0.00000000,0,0.00000000,0.00000000,0
1659112560.0,0.35230000,0.35230000,0.35230000,0.35230000,0.00000000,1659112739999,0.00000000,0,0.00000000,0.00000000,0
1659112740.0,0.35370000,0.35370000,0.35370000,0.35370000,448.00000000,1659112919999,158.45760000,1,0.00000000,0.00000000,0
1659112920.0,0.35400000,0.35500000,0.35350000,0.35500000,964.00000000,1659113099999,341.50680000,5,459.00000000,162.87760000,0
1659113100.0,0.35500000,0.35500000,0.35500000,0.35500000,33.00000000,1659113279999,11.71500000,1,0.00000000,0.00000000,0
1659113280.0,0.35520000,0.35540000,0.35520000,0.35540000,535.00000000,1659113459999,190.11940000,4,493.00000000,175.19260000,0
1659113460.0,0.35680000,0.35680000,0.35680000,0.35680000,238.00000000,1659113639999,84.91840000,1,238.00000000,84.91840000,0
1659113640.0,0.35690000,0.35690000,0.35690000,0.35690000,363.00000000,1659113819999,129.55470000,3,83.00000000,29.62270000,0
1659113820.0,0.35640000,0.35640000,0.35640000,0.35640000,977.00000000,1659113999999,348.20280000,1,0.00000000,0.00000000,0
1659114000.0,0.35660000,0.35660000,0.35480000,0.35480000,12802.00000000,1659114179999,4545.56920000,5,98.00000000,34.93420000,0
1659114180.0,0.35480000,0.35480000,0.35480000,0.35480000,0.00000000,1659114359999,0.00000000,0,0.00000000,0.00000000,0
1659114360.0,0.35520000,0.35550000,0.35520000,0.35550000,1023.00000000,1659114539999,363.44070000,3,0.00000000,0.00000000,0
1659114540.0,0.35470000,0.35470000,0.35440000,0.35440000,5467.00000000,1659114719999,1939.00480000,4,0.00000000,0.00000000,0
1659114720.0,0.35440000,0.35440000,0.35440000,0.35440000,4356.00000000,1659114899999,1543.76640000,2,4356.00000000,1543.76640000,0
1659114900.0,0.35440000,0.35440000,0.35440000,0.35440000,1406.00000000,1659115079999,498.28640000,1,1406.00000000,498.28640000,0
1659115080.0,0.35440000,0.35450000,0.35440000,0.35450000,6344.00000000,1659115259999,2248.32420000,2,6344.00000000,2248.32420000,0
1659115260.0,0.35450000,0.35450000,0.35450000,0.35450000,0.00000000,1659115439999,0.00000000,0,0.00000000,0.00000000,0
1659115440.0,0.35310000,0.35310000,0.35280000,0.35280000,13110.00000000,1659115619999,4627.64100000,8,0.00000000,0.00000000,0
1659115620.0,0.35200000,0.35200000,0.35200000,0.35200000,57.00000000,1659115799999,20.06400000,1,0.00000000,0.00000000,0
1659115800.0,0.35290000,0.35350000,0.35290000,0.35350000,596.00000000,1659115979999,210.52160000,2,322.00000000,113.82700000,0
1659115980.0,0.35490000,0.35490000,0.35440000,0.35440000,618.00000000,1659116159999,219.30070000,2,618.00000000,219.30070000,0
1659116160.0,0.35500000,0.35500000,0.35500000,0.35500000,255.00000000,1659116339999,90.52500000,2,255.00000000,90.52500000,0
1659116340.0,0.35500000,0.35500000,0.35500000,0.35500000,127.00000000,1659116519999,45.08500000,2,69.00000000,24.49500000,0
1659116520.0,0.35550000,0.35550000,0.35550000,0.35550000,40.00000000,1659116699999,14.22000000,1,40.00000000,14.22000000,0
1659116700.0,0.35550000,0.35550000,0.35550000,0.35550000,0.00000000,1659116879999,0.00000000,0,0.00000000,0.00000000,0
1659116880.0,0.35690000,0.35740000,0.35690000,0.35690000,2171.00000000,1659117059999,775.14800000,5,685.00000000,244.79460000,0
1659117060.0,0.35690000,0.35690000,0.35690000,0.35690000,0.00000000,1659117239999,0.00000000,0,0.00000000,0.00000000,0
1659117240.0,0.35690000,0.35690000,0.35690000,0.35690000,447.00000000,1659117419999,159.53430000,1,447.00000000,159.53430000,0
1659117420.0,0.35660000,0.35700000,0.35660000,0.35700000,2243.00000000,1659117599999,799.86500000,2,28.00000000,9.99600000,0
1659117600.0,0.35660000,0.35660000,0.35660000,0.35660000,2278.00000000,1659117779999,812.33480000,2,2278.00000000,812.33480000,0
1659117780.0,0.35660000,0.35660000,0.35660000,0.35660000,354.00000000,1659117959999,126.23640000,1,0.00000000,0.00000000,0
1659117960.0,0.35680000,0.35690000,0.35680000,0.35690000,454.00000000,1659118139999,162.02090000,2,0.00000000,0.00000000,0
1659118140.0,0.35690000,0.35740000,0.35690000,0.35730000,3249.00000000,1659118319999,1161.13230000,3,0.00000000,0.00000000,0
1659118320.0,0.35930000,0.36010000,0.35930000,0.36010000,10302.00000000,1659118499999,3706.61620000,4,10302.00000000,3706.61620000,0
1659118500.0,0.36010000,0.36010000,0.36010000,0.36010000,0.00000000,1659118679999,0.00000000,0,0.00000000,0.00000000,0
1659118680.0,0.35960000,0.35960000,0.35960000,0.35960000,55.00000000,1659118859999,19.77800000,1,55.00000000,19.77800000,0
1659118860.0,0.35960000,0.35960000,0.35960000,0.35960000,0.00000000,1659119039999,0.00000000,0,0.00000000,0.00000000,0
1659119040.0,0.35960000,0.35960000,0.35960000,0.35960000,0.00000000,1659119219999,0.00000000,0,0.00000000,0.00000000,0
1659119220.0,0.35960000,0.35960000,0.35960000,0.35960000,0.00000000,1659119399999,0.00000000,0,0.00000000,0.00000000,0
1659119400.0,0.35840000,0.35840000,0.35840000,0.35840000,417.00000000,1659119579999,149.45280000,1,417.00000000,149.45280000,0
1659119580.0,0.35840000,0.35840000,0.35840000,0.35840000,0.00000000,1659119759999,0.00000000,0,0.00000000,0.00000000,0
1659119760.0,0.35980000,0.35980000,0.35980000,0.35980000,66.00000000,1659119939999,23.74680000,1,66.00000000,23.74680000,0
1659119940.0,0.35980000,0.35980000,0.35980000,0.35980000,0.00000000,1659120119999,0.00000000,0,0.00000000,0.00000000,0
1659120120.0,0.35770000,0.35770000,0.35770000,0.35770000,2825.00000000,1659120299999,1010.50250000,1,2825.00000000,1010.50250000,0
1659120300.0,0.35840000,0.35890000,0.35840000,0.35890000,183.00000000,1659120479999,65.65870000,2,40.00000000,14.33600000,0
1659120480.0,0.35940000,0.35940000,0.35940000,0.35940000,560.00000000,1659120659999,201.26400000,1,560.00000000,201.26400000,0
1659120660.0,0.35940000,0.35940000,0.35940000,0.35940000,0.00000000,1659120839999,0.00000000,0,0.00000000,0.00000000,0
1659120840.0,0.35940000,0.35940000,0.35940000,0.35940000,0.00000000,1659121019999,0.00000000,0,0.00000000,0.00000000,0
1659121020.0,0.35830000,0.35830000,0.35800000,0.35800000,746.00000000,1659121199999,267.27230000,3,146.00000000,52.29230000,0
1659121200.0,0.35830000,0.35830000,0.35770000,0.35770000,250.00000000,1659121379999,89.55820000,2,222.00000000,79.54260000,0
1659121380.0,0.35890000,0.35890000,0.35890000,0.35890000,2668.00000000,1659121559999,957.54520000,1,2668.00000000,957.54520000,0
1659121560.0,0.36000000,0.36000000,0.36000000,0.36000000,5546.00000000,1659121739999,1996.56000000,1,5546.00000000,1996.56000000,0
1659121740.0,0.35960000,0.35960000,0.35900000,0.35900000,3118.00000000,1659121919999,1119.56180000,2,333.00000000,119.74680000,0
1659121920.0,0.35870000,0.35870000,0.35870000,0.35870000,223.00000000,1659122099999,79.99010000,1,223.00000000,79.99010000,0
1659122100.0,0.35770000,0.35770000,0.35720000,0.35720000,13764.00000000,1659122279999,4919.38590000,5,0.00000000,0.00000000,0
1659122280.0,0.35730000,0.35730000,0.35720000,0.35720000,222.00000000,1659122459999,79.31510000,2,0.00000000,0.00000000,0
1659122460.0,0.35720000,0.35720000,0.35720000,0.35720000,0.00000000,1659122639999,0.00000000,0,0.00000000,0.00000000,0
1659122640.0,0.35780000,0.35850000,0.35780000,0.35850000,3930.00000000,1659122819999,1407.13050000,2,1395.00000000,500.10750000,0
1659122820.0,0.35850000,0.35850000,0.35850000,0.35850000,0.00000000,1659122999999,0.00000000,0,0.00000000,0.00000000,0
1659123000.0,0.35770000,0.35770000,0.35770000,0.35770000,698.00000000,1659123179999,249.67460000,1,698.00000000,249.67460000,0
1659123180.0,0.35890000,0.35890000,0.35890000,0.35890000,85.00000000,1659123359999,30.50650000,1,85.00000000,30.50650000,0
1659123360.0,0.35900000,0.35900000,0.35900000,0.35900000,1389.00000000,1659123539999,498.65100000,1,1389.00000000,498.65100000,0
1659123540.0,0.35900000,0.35900000,0.35900000,0.35900000,0.00000000,1659123719999,0.00000000,0,0.00000000,0.00000000,0
1659123720.0,0.35820000,0.35940000,0.35820000,0.35940000,622.00000000,1659123899999,222.94680000,2,122.00000000,43.84680000,0
1659123900.0,0.35980000,0.36000000,0.35980000,0.36000000,1508.00000000,1659124079999,542.60300000,2,1508.00000000,542.60300000,0
1659124080.0,0.36000000,0.36000000,0.36000000,0.36000000,0.00000000,1659124259999,0.00000000,0,0.00000000,0.00000000,0
1659124260.0,0.36000000,0.36000000,0.36000000,0.36000000,0.00000000,1659124439999,0.00000000,0,0.00000000,0.00000000,0
1659124440.0,0.36040000,0.36040000,0.36040000,0.36040000,207.00000000,1659124619999,74.60280000,3,0.00000000,0.00000000,0
1659124620.0,0.36040000,0.36040000,0.36040000,0.36040000,0.00000000,1659124799999,0.00000000,0,0.00000000,0.00000000,0
1659124800.0,0.35980000,0.35980000,0.35860000,0.35860000,3054.00000000,1659124979999,1095.33000000,2,138.00000000,49.65240000,0
1659124980.0,0.35860000,0.35860000,0.35860000,0.35860000,0.00000000,1659125159999,0.00000000,0,0.00000000,0.00000000,0
1659125160.0,0.35860000,0.36150000,0.35860000,0.36150000,6539.00000000,1659125339999,2350.87320000,5,3476.00000000,1248.88860000,0
1659125340.0,0.36150000,0.36150000,0.36150000,0.36150000,0.00000000,1659125519999,0.00000000,0,0.00000000,0.00000000,0
1659125520.0,0.36090000,0.36090000,0.35990000,0.35990000,311.00000000,1659125699999,111.99590000,3,251.00000000,90.38990000,0
1659125700.0,0.35940000,0.35940000,0.35940000,0.35940000,122.00000000,1659125879999,43.84680000,1,0.00000000,0.00000000,0
1659125880.0,0.35910000,0.35970000,0.35910000,0.35970000,374.00000000,1659126059999,134.42100000,2,0.00000000,0.00000000,0
1659126060.0,0.36010000,0.36010000,0.36010000,0.36010000,410.00000000,1659126239999,147.64100000,1,410.00000000,147.64100000,0
1659126240.0,0.36010000,0.36010000,0.35940000,0.35940000,673.00000000,1659126419999,242.16670000,3,415.00000000,149.44150000,0
1659126420.0,0.36000000,0.36000000,0.36000000,0.36000000,28.00000000,1659126599999,10.08000000,1,0.00000000,0.00000000,0
1659126600.0,0.36030000,0.36150000,0.36030000,0.36150000,1872.00000000,1659126779999,674.62800000,3,122.00000000,44.10300000,0
1659126780.0,0.36150000,0.36150000,0.36150000,0.36150000,0.00000000,1659126959999,0.00000000,0,0.00000000,0.00000000,0
1659126960.0,0.36240000,0.36240000,0.36240000,0.36240000,7149.00000000,1659127139999,2590.79760000,2,7149.00000000,2590.79760000,0
1659127140.0,0.36230000,0.36230000,0.36230000,0.36230000,871.00000000,1659127319999,315.56330000,1,871.00000000,315.56330000,0
1659127320.0,0.36190000,0.36190000,0.36190000,0.36190000,34.00000000,1659127499999,12.30460000,1,34.00000000,12.30460000,0
1659127500.0,0.36190000,0.36250000,0.36190000,0.36220000,7615.00000000,1659127679999,2758.39530000,5,86.00000000,31.17500000,0
1659127680.0,0.36280000,0.36280000,0.36280000,0.36280000,6478.00000000,1659127859999,2350.21840000,1,0.00000000,0.00000000,0
1659127860.0,0.36130000,0.36130000,0.36130000,0.36130000,3298.00000000,1659128039999,1191.56740000,1,0.00000000,0.00000000,0
1659128040.0,0.36130000,0.36130000,0.36130000,0.36130000,0.00000000,1659128219999,0.00000000,0,0.00000000,0.00000000,0
1659128220.0,0.36260000,0.36260000,0.36260000,0.36260000,392.00000000,1659128399999,142.13920000,2,392.00000000,142.13920000,0
1659128400.0,0.36330000,0.36370000,0.36330000,0.36370000,1800.00000000,1659128579999,653.98880000,3,1800.00000000,653.98880000,0
1659128580.0,0.36370000,0.36370000,0.36370000,0.36370000,0.00000000,1659128759999,0.00000000,0,0.00000000,0.00000000,0
1659128760.0,0.36390000,0.36390000,0.36390000,0.36390000,149.00000000,1659128939999,54.22110000,1,149.00000000,54.22110000,0
1659128940.0,0.36270000,0.36270000,0.36270000,0.36270000,963.00000000,1659129119999,349.28010000,2,963.00000000,349.28010000,0
1659129120.0,0.36270000,0.36270000,0.36270000,0.36270000,0.00000000,1659129299999,0.00000000,0,0.00000000,0.00000000,0
1659129300.0,0.36150000,0.36150000,0.36150000,0.36150000,122.00000000,1659129479999,44.10300000,1,0.00000000,0.00000000,0
1659129480.0,0.36090000,0.36090000,0.36090000,0.36090000,200.00000000,1659129659999,72.18000000,1,0.00000000,0.00000000,0
1659129660.0,0.36090000,0.36090000,0.36090000,0.36090000,0.00000000,1659129839999,0.00000000,0,0.00000000,0.00000000,0
1659129840.0,0.36090000,0.36090000,0.36090000,0.36090000,0.00000000,1659130019999,0.00000000,0,0.00000000,0.00000000,0
1659130020.0,0.36090000,0.36090000,0.36090000,0.36090000,0.00000000,1659130199999,0.00000000,0,0.00000000,0.00000000,0
1659130200.0,0.36080000,0.36080000,0.36080000,0.36080000,69.00000000,1659130379999,24.89520000,1,0.00000000,0.00000000,0
1659130380.0,0.36050000,0.36050000,0.35940000,0.35940000,5537.00000000,1659130559999,1995.32360000,4,5276.00000000,1901.52020000,0
1659130560.0,0.35870000,0.35870000,0.35850000,0.35850000,7902.00000000,1659130739999,2833.44740000,2,0.00000000,0.00000000,0
1659130740.0,0.35720000,0.35720000,0.35720000,0.35720000,122.00000000,1659130919999,43.57840000,1,0.00000000,0.00000000,0
1659130920.0,0.35770000,0.35770000,0.35770000,0.35770000,84.00000000,1659131099999,30.04680000,2,84.00000000,30.04680000,0
1659131100.0,0.35820000,0.35820000,0.35790000,0.35790000,3062.00000000,1659131279999,1095.97350000,2,3062.00000000,1095.97350000,0
1659131280.0,0.35790000,0.35790000,0.35790000,0.35790000,0.00000000,1659131459999,0.00000000,0,0.00000000,0.00000000,0
1659131460.0,0.35940000,0.36070000,0.35940000,0.36070000,2886.00000000,1659131639999,1040.60610000,3,2886.00000000,1040.60610000,0
                                                                                                                                                                                                                                                                                                                                                                                                                                                                                                                                                                                                                                                                                                                                                                                                                                                                                                                                                                                                                                                                                                                                                                                                                                                                                                                                                                                                                                                                                                                                                                                                                                                                                                                                                                                                                                                                                                                                                                                                                                                                                                                                                                                                                                                                                                                                                                                                                                                                                                                                               :^dO]P)t<PK    VFT,Z        xl/_rels/workbook.xml.relsM
0FrEQW-^ ku.7!{0f$^ hWt22W<GWUEj({'MUMq/`xQRQocO3YLP"O(:PxH<} KPK    VFTn$  W     [Content_Types].xmlN0_uj2v]+]boton@b*F~;Fsc!82DCr7TewV*'S!6'R6U5&QArSR2d[E;RUHG(%PrDbL+l Y9.{7?L9sBDv,%}uY#^,=|]AK6#vW/7>Cht3_PK     VFTAMb                     docProps/app.xmlPK     VFTa   +                docProps/core.xmlPK     VFT\#  '               xl/theme/theme1.xmlPK     VFT%                 xl/worksheets/sheet1.xmlPK     VFT               W	  xl/worksheets/sheet2.xmlPK     VFT|Q  	             O  xl/styles.xmlPK     VFT                  _rels/.relsPK     VFTnD                 xl/workbook.xmlPK     VFT,Z                %  xl/_rels/workbook.xml.relsPK     VFTn$  W               [Content_Types].xmlPK    
 
   `                                                                                                                                                                                                                                                                                                                                                                                                                                                                                                                                                                                                                                                                                                                                                                                                                                                                                                                                                                                                                                                                                                                                                                                                                                                                                                                                                                                                                                                                                                                                                                                                                                                                                                                                                                                                                                                                                                                                                                                                                                                                                                                                                                                                                                                                                                                                                                                                                                                                                                                                                                                                                                                                                                                                                                                                                                                                                                                                          import websocket
import json
import talib
import config as cfg
from binance.client import Client
from binance.enums import *
from colorama import Style, Fore
import pandas as pd
from art import *
from playsound import playsound
import csv
from numpy import genfromtxt
#==============================================================================#

SOCKET = cfg.WsLink
client = Client(cfg.api_key, cfg.api_secret)
closes = []
in_position = False

candles = client.get_klines(
    symbol=cfg.TRADE_SYMBOL, interval=Client.KLINE_INTERVAL_3MINUTE)

#==============================================================================#


def order(side, quantity, symbol, order_type=ORDER_TYPE_MARKET):
    try:
        order = client.create_order(
            symbol=symbol, side=side, type=order_type, quantity=quantity)

        print("Enviando ordem: ")
        Timestamp = order['transactTime']
        tempo = pd.to_datetime(Timestamp, unit='ms')
        orderTime = tempo.strftime("%H:%M:%S]")

        print(f"Moeda: {order['symbol']}")
        print(f"Tempo: [{orderTime} (UTC)]")
        print(f"Lado da operacao {order['side']}")
        print(f"Tipo de operacao: {order['type']}")
        print(f"Quantidade da criptoMoeda: {order['executedQty']}")
        print(f"Quantidade da moeda: {order['cummulativeQuoteQty']}\n")
        playsound('Sounds/Order.wav')

        # REGISTRAR EM ARQUIVO OPERAES FEITAS
        # INFORMAR SE FOI UMA OPERAO DE LUCRO OU NO E INFORMAR QTD LUCRADA

        # TENTAR FAZER O [PROFIT] DENTRO DA FUNO ORDER

    except Exception as error:
        print(Fore.RED)
        print(f"Uma falha foi detectada - {error}")
        print(Style.RESET_ALL)
        playsound('Sounds/Error.wav')
        # inserir metodo que grave erro em um file
        # EXEMPLO:
        # [25/05/2022 - 14:35 - erro de conexo]
        return False

        # 'Connection aborted.', RemoteDisconnected('Remote end closed connection without response')

    return True
#===========================================================================================#


def on_open(ws):
    playsound('Sounds/Start.wav')
    money = cfg.moneyBalance['free']
    print(Fore.GREEN)
    tprint("Robo Trader")
    print(Style.RESET_ALL)
    print(
        f"Usuario: [{cfg.UserName}] | Moeda: [{cfg.TRADE_SYMBOL}] | Saldo: [{cfg.moneyBalance['asset']} - {round(float(money),2)}]\n\n")


def on_close(ws):
    print('Conexo Fechada')


def on_message(ws, message):
    global closes, in_position

    csvfile = open('Files/3minuteKline.csv', 'w', newline='')
    candlestick_writer = csv.writer(csvfile, delimiter=',')

    candle