0,3,108.00000000,37.15560000,0
1658945700.0,0.34410000,0.34550000,0.34410000,0.34530000,875.00000000,1658945879999,301.60690000,5,321.00000000,110.81550000,0
1658945880.0,0.34410000,0.34470000,0.34410000,0.34470000,103.00000000,1658946059999,35.47650000,2,57.00000000,19.64790000,0
1658946060.0,0.34470000,0.34470000,0.34470000,0.34470000,0.00000000,1658946239999,0.00000000,0,0.00000000,0.00000000,0
1658946240.0,0.34470000,0.34470000,0.34470000,0.34470000,0.00000000,1658946419999,0.00000000,0,0.00000000,0.00000000,0
1658946420.0,0.34570000,0.34570000,0.34490000,0.34570000,2657.00000000,1658946599999,918.00490000,3,2007.00000000,693.81990000,0
1658946600.0,0.34630000,0.34630000,0.34410000,0.34410000,847.00000000,1658946779999,291.72110000,2,122.00000000,42.24860000,0
1658946780.0,0.34420000,0.34600000,0.34420000,0.34600000,22625.00000000,1658946959999,7813.04910000,7,10013.00000000,3461.98600000,0
1658946960.0,0.34580000,0.34940000,0.34560000,0.34940000,39710.00000000,1658947139999,13756.05360000,13,26366.00000000,9136.34600000,0
1658947140.0,0.34780000,0.34820000,0.34740000,0.34740000,22067.00000000,1658947319999,7672.98870000,6,16377.00000000,5696.28270000,0
1658947320.0,0.34630000,0.34630000,0.34610000,0.34610000,10022.00000000,1658947499999,3468.63860000,3,9900.00000000,3426.39000000,0
1658947500.0,0.34620000,0.34690000,0.34590000,0.34590000,10087.00000000,1658947679999,3490.76530000,4,10087.00000000,3490.76530000,0
1658947680.0,0.34590000,0.34600000,0.34590000,0.34600000,1020.00000000,1658947859999,352.91060000,3,926.00000000,320.39600000,0
1658947860.0,0.34790000,0.34790000,0.34660000,0.34660000,25608.00000000,1658948039999,8891.34060000,8,898.00000000,312.41420000,0
1658948040.0,0.34670000,0.34670000,0.34670000,0.34670000,5559.00000000,1658948219999,1927.30530000,1,5559.00000000,1927.30530000,0
1658948220.0,0.34670000,0.34670000,0.34670000,0.34670000,0.00000000,1658948399999,0.00000000,0,0.00000000,0.00000000,0
1658948400.0,0.34670000,0.34670000,0.34670000,0.34670000,0.00000000,1658948579999,0.00000000,0,0.00000000,0.00000000,0
1658948580.0,0.34710000,0.34710000,0.34710000,0.34710000,288.00000000,1658948759999,99.96480000,1,288.00000000,99.96480000,0
1658948760.0,0.34710000,0.34710000,0.34710000,0.34710000,36.00000000,1658948939999,12.49560000,1,36.00000000,12.49560000,0
1658948940.0,0.34710000,0.34710000,0.34710000,0.34710000,0.00000000,1658949119999,0.00000000,0,0.00000000,0.00000000,0
1658949120.0,0.34590000,0.34590000,0.34590000,0.34590000,29.00000000,1658949299999,10.03110000,1,29.00000000,10.03110000,0
1658949300.0,0.34500000,0.34650000,0.34490000,0.34650000,6382.00000000,1658949479999,2210.57490000,6,5981.00000000,2072.25890000,0
1658949480.0,0.34610000,0.34610000,0.34610000,0.34610000,63.00000000,1658949659999,21.80430000,1,0.00000000,0.00000000,0
1658949660.0,0.34690000,0.34690000,0.34690000,0.34690000,900.00000000,1658949839999,312.21000000,1,0.00000000,0.00000000,0
1658949840.0,0.34690000,0.34690000,0.34690000,0.34690000,0.00000000,1658950019999,0.00000000,0,0.00000000,0.00000000,0
1658950020.0,0.34650000,0.34650000,0.34650000,0.34650000,3494.00000000,1658950199999,1210.67100000,1,3494.00000000,1210.67100000,0
1658950200.0,0.34500000,0.34500000,0.34500000,0.34500000,16547.00000000,1658950379999,5708.71500000,1,0.00000000,0.00000000,0
1658950380.0,0.34650000,0.34650000,0.34650000,0.34650000,279.00000000,1658950559999,96.67350000,1,0.00000000,0.00000000,0
1658950560.0,0.34650000,0.34650000,0.34650000,0.34650000,0.00000000,1658950739999,0.00000000,0,0.00000000,0.00000000,0
1658950740.0,0.34680000,0.34690000,0.34680000,0.34690000,3111.00000000,1658950919999,1078.98650000,2,0.00000000,0.00000000,0
1658950920.0,0.34690000,0.34690000,0.34690000,0.34690000,0.00000000,1658951099999,0.00000000,0,0.00000000,0.00000000,0
1658951100.0,0.34650000,0.34650000,0.34650000,0.34650000,234.00000000,1658951279999,81.08100000,2,0.00000000,0.00000000,0
1658951280.0,0.34650000,0.34680000,0.34650000,0.34660000,240.00000000,1658951459999,83.19410000,4,209.00000000,72.45260000,0
1658951460.0,0.34660000,0.34660000,0.34660000,0.34660000,572.00000000,1658951639999,198.25520000,1,572.00000000,198.25520000,0
1658951640.0,0.34560000,0.34560000,0.34550000,0.34550000,4333.00000000,1658951819999,1497.35780000,2,0.00000000,0.00000000,0
1658951820.0,0.34550000,0.34550000,0.34550000,0.34550000,0.00000000,1658951999999,0.00000000,0,0.00000000,0.00000000,0
1658952000.0,0.34590000,0.34690000,0.34590000,0.34690000,431.00000000,1658952179999,149.18610000,3,134.00000000,46.45380000,0
1658952180.0,0.34640000,0.34640000,0.34550000,0.34550000,1601.00000000,1658952359999,553.27930000,4,138.00000000,47.80040000,0
1658952360.0,0.34680000,0.34680000,0.34680000,0.34680000,3053.00000000,1658952539999,1058.78040000,1,3053.00000000,1058.78040000,0
1658952540.0,0.34680000,0.34680000,0.34680000,0.34680000,0.00000000,1658952719999,0.00000000,0,0.00000000,0.00000000,0
1658952720.0,0.34620000,0.34620000,0.34620000,0.34620000,545.00000000,1658952899999,188.67900000,1,0.00000000,0.00000000,0
1658952900.0,0.34620000,0.34620000,0.34620000,0.34620000,0.00000000,1658953079999,0.00000000,0,0.00000000,0.00000000,0
1658953080.0,0.34690000,0.34690000,0.34690000,0.34690000,31.00000000,1658953259999,10.75390000,1,31.00000000,10.75390000,0
1658953260.0,0.34690000,0.34690000,0.34690000,0.34690000,1632.00000000,1658953439999,566.14080000,1,1632.00000000,566.14080000,0
1658953440.0,0.34720000,0.34740000,0.34720000,0.34740000,5811.00000000,1658953619999,2017.60480000,2,5811.00000000,2017.60480000,0
1658953620.0,0.34740000,0.34750000,0.34700000,0.34700000,2532.00000000,1658953799999,879.60590000,3,2481.00000000,861.90890000,0
1658953800.0,0.34700000,0.34700000,0.34660000,0.34660000,290.00000000,1658953979999,100.57160000,2,0.00000000,0.00000000,0
1658953980.0,0.34660000,0.34660000,0.34660000,0.34660000,0.00000000,1658954159999,0.00000000,0,0.00000000,0.00000000,0
1658954160.0,0.34660000,0.34660000,0.34660000,0.34660000,0.00000000,1658954339999,0.00000000,0,0.00000000,0.00000000,0
1658954340.0,0.34660000,0.34660000,0.34660000,0.34660000,0.00000000,1658954519999,0.00000000,0,0.00000000,0.00000000,0
1658954520.0,0.34660000,0.34660000,0.34660000,0.34660000,0.00000000,1658954699999,0.00000000,0,0.00000000,0.00000000,0
1658954700.0,0.34690000,0.34690000,0.34670000,0.34670000,5308.00000000,1658954879999,1841.19220000,2,765.00000000,265.22550000,0
1658954880.0,0.34670000,0.34670000,0.34670000,0.34670000,0.00000000,1658955059999,0.00000000,0,0.00000000,0.00000000,0
1658955060.0,0.34570000,0.34570000,0.34500000,0.34500000,15860.00000000,1658955239999,5480.84480000,5,0.00000000,0.00000000,0
1658955240.0,0.34560000,0.34560000,0.34560000,0.34560000,101.00000000,1658955419999,34.90560000,1,101.00000000,34.90560000,0
1658955420.0,0.34520000,0.34520000,0.34480000,0.34480000,714.00000000,1658955599999,246.38720000,2,0.00000000,0.00000000,0
1658955600.0,0.34520000,0.34520000,0.34520000,0.34520000,285.00000000,1658955779999,98.38200000,1,0.00000000,0.00000000,0
1658955780.0,0.34500000,0.34500000,0.34500000,0.34500000,57.00000000,1658955959999,19.66500000,1,57.00000000,19.66500000,0
1658955960.0,0.34500000,0.34500000,0.34500000,0.34500000,0.00000000,1658956139999,0.00000000,0,0.00000000,0.00000000,0
1658956140.0,0.34500000,0.34500000,0.34500000,0.34500000,0.00000000,1658956319999,0.00000000,0,0.00000000,0.00000000,0
1658956320.0,0.34490000,0.34490000,0.34490000,0.34490000,524.00000000,1658956499999,180.72760000,1,0.00000000,0.00000000,0
1658956500.0,0.34490000,0.34530000,0.34490000,0.34530000,131.00000000,1658956679999,45.21870000,2,131.00000000,45.21870000,0
1658956680.0,0.34520000,0.34530000,0.34520000,0.34530000,1450.00000000,1658956859999,500.59220000,3,999.00000000,344.86190000,0
1658956860.0,0.34520000,0.34520000,0.34460000,0.34460000,711.00000000,1658957039999,245.10600000,5,0.00000000,0.00000000,0
1658957040.0,0.34510000,0.34510000,0.34510000,0.34510000,2352.00000000,1658957219999,811.67520000,1,2352.00000000,811.67520000,0
1658957220.0,0.34510000,0.34510000,0.34510000,0.34510000,0.00000000,1658957399999,0.00000000,0,0.00000000,0.00000000,0
1658957400.0,0.34470000,0.34490000,0.34470000,0.34490000,202.00000000,1658957579999,69.63500000,2,28.00000000,9.65720000,0
1658957580.0,0.34490000,0.34490000,0.34490000,0.34490000,0.00000000,1658957759999,0.00000000,0,0.00000000,0.00000000,0
1658957760.0,0.34410000,0.34410000,0.34410000,0.34410000,122.00000000,1658957939999,41.98020000,1,0.00000000,0.00000000,0
1658957940.0,0.34450000,0.34450000,0.34450000,0.34450000,302.00000000,1658958119999,104.03900000,1,302.00000000,104.03900000,0
1658958120.0,0.34450000,0.34450000,0.34450000,0.34450000,0.00000000,1658958299999,0.00000000,0,0.00000000,0.00000000,0
1658958300.0,0.34450000,0.34450000,0.34450000,0.34450000,38.00000000,1658958479999,13.09100000,1,0.00000000,0.00000000,0
1658958480.0,0.34450000,0.34450000,0.34450000,0.34450000,538.00000000,1658958659999,185.34100000,1,0.00000000,0.00000000,0
1658958660.0,0.34450000,0.34450000,0.34400000,0.34400000,1613.00000000,1658958839999,554.89050000,3,0.00000000,0.00000000,0
1658958840.0,0.34400000,0.34400000,0.34400000,0.34400000,0.00000000,1658959019999,0.00000000,0,0.00000000,0.00000000,0
1658959020.0,0.34390000,0.34390000,0.34390000,0.34390000,104.00000000,1658959199999,35.76560000,1,0.00000000,0.00000000,0
1658959200.0,0.34470000,0.34470000,0.34460000,0.34460000,7345.00000000,1658959379999,2531.39280000,2,0.00000000,0.00000000,0
1658959380.0,0.34460000,0.34460000,0.34460000,0.34460000,49.00000000,1658959559999,16.88540000,1,0.00000000,0.00000000,0
1658959560.0,0.34460000,0.34460000,0.34460000,0.34460000,0.00000000,1658959739999,0.00000000,0,0.00000000,0.00000000,0
1658959740.0,0.34580000,0.34620000,0.34580000,0.34620000,361.00000000,1658959919999,124.95020000,2,361.00000000,124.95020000,0
1658959920.0,0.34510000,0.34630000,0.34510000,0.34630000,550.00000000,1658960099999,189.95140000,2,122.00000000,42.24860000,0
1658960100.0,0.34630000,0.34630000,0.34630000,0.34630000,0.00000000,1658960279999,0.00000000,0,0.00000000,0.00000000,0
1658960280.0,0.34740000,0.35010000,0.34740000,0.35010000,184441.00000000,1658960459999,64352.06090000,46,174636.00000000,60919.33040000,0
1658960460.0,0.35040000,0.35180000,0.35040000,0.35180000,3747.00000000,1658960639999,1313.71840000,11,3747.00000000,1313.71840000,0
1658960640.0,0.34890000,0.34890000,0.34890000,0.34890000,160.00000000,1658960819999,55.82400000,1,0.00000000,0.00000000,0
1658960820.0,0.34890000,0.34890000,0.34890000,0.34890000,0.00000000,1658960999999,0.00000000,0,0.00000000,0.00000000,0
1658961000.0,0.34970000,0.34970000,0.34970000,0.34970000,5308.00000000,1658961179999,1856.20760000,1,0.00000000,0.00000000,0
1658961180.0,0.35020000,0.35020000,0.34940000,0.34950000,536.00000000,1658961359999,187.56820000,3,356.00000000,124.67120000,0
1658961360.0,0.34970000,0.34970000,0.34970000,0.34970000,5923.00000000,1658961539999,2071.27310000,1,0.00000000,0.00000000,0
1658961540.0,0.34970000,0.34970000,0.34900000,0.34900000,4163.00000000,1658961719999,1453.28530000,3,0.00000000,0.00000000,0
1658961720.0,0.34900000,0.34900000,0.34900000,0.34900000,0.00000000,1658961899999,0.00000000,0,0.00000000,0.00000000,0
1658961900.0,0.34900000,0.34900000,0.34900000,0.34900000,0.00000000,1658962079999,0.00000000,0,0.00000000,0.00000000,0
1658962080.0,0.34980000,0.34980000,0.34980000,0.34980000,3013.00000000,1658962259999,1053.94740000,2,0.00000000,0.00000000,0
1658962260.0,0.35060000,0.35060000,0.35060000,0.35060000,6898.00000000,1658962439999,2418.43880000,1,6898.00000000,2418.43880000,0
1658962440.0,0.35060000,0.35060000,0.35060000,0.35060000,0.00000000,1658962619999,0.00000000,0,0.00000000,0.00000000,0
1658962620.0,0.35030000,0.35060000,0.35030000,0.35060000,321.00000000,1658962799999,112.53180000,2,321.00000000,112.53180000,0
1658962800.0,0.35060000,0.35090000,0.35060000,0.35060000,1936.00000000,1658962979999,678.77540000,3,1936.00000000,678.77540000,0
1658962980.0,0.35060000,0.35060000,0.35060000,0.35060000,0.00000000,1658963159999,0.00000000,0,0.00000000,0.00000000,0
1658963160.0,0.35060000,0.35060000,0.35060000,0.35060000,0.00000000,1658963339999,0.00000000,0,0.00000000,0.00000000,0
1658963340.0,0.35060000,0.35060000,0.35060000,0.35060000,0.00000000,1658963519999,0.00000000,0,0.00000000,0.00000000,0
1658963520.0,0.35060000,0.35060000,0.35060000,0.35060000,0.00000000,1658963699999,0.00000000,0,0.00000000,0.00000000,0
1658963700.0,0.35060000,0.35060000,0.35060000,0.35060000,521.00000000,1658963879999,182.66260000,1,0.00000000,0.00000000,0
1658963880.0,0.35010000,0.35010000,0.34960000,0.34960000,9147.00000000,1658964059999,3200.85720000,2,3015.00000000,1054.04400000,0
1658964060.0,0.34960000,0.34960000,0.34960000,0.34960000,0.00000000,1658964239999,0.00000000,0,0.00000000,0.00000000,0
1658964240.0,0.35040000,0.35040000,0.35040000,0.35040000,457.00000000,1658964419999,160.13280000,1,457.00000000,160.13280000,0
1658964420.0,0.35040000,0.35040000,0.35040000,0.35040000,0.00000000,1658964599999,0.00000000,0,0.00000000,0.00000000,0
1658964600.0,0.35040000,0.35040000,0.35040000,0.35040000,205.00000000,1658964779999,71.83200000,2,205.00000000,71.83200000,0
1658964780.0,0.35040000,0.35040000,0.35040000,0.35040000,0.00000000,1658964959999,0.00000000,0,0.00000000,0.00000000,0
1658964960.0,0.35040000,0.35040000,0.35040000,0.35040000,0.00000000,1658965139999,0.00000000,0,0.00000000,0.00000000,0
1658965140.0,0.35040000,0.35040000,0.35040000,0.35040000,0.00000000,1658965319999,0.00000000,0,0.00000000,0.00000000,0
1658965320.0,0.34990000,0.35150000,0.34990000,0.35150000,12028.00000000,1658965499999,4217.27400000,3,12028.00000000,4217.27400000,0
1658965500.0,0.35280000,0.35280000,0.35280000,0.35280000,122.00000000,1658965679999,43.04160000,1,122.00000000,43.04160000,0
1658965680.0,0.35200000,0.35250000,0.35200000,0.35250000,5909.00000000,1658965859999,2080.03500000,3,134.00000000,47.23500000,0
1658965860.0,0.35250000,0.35250000,0.35250000,0.35250000,0.00000000,1658966039999,0.00000000,0,0.00000000,0.00000000,0
1658966040.0,0.35250000,0.35350000,0.35250000,0.35350000,12745.00000000,1658966219999,4496.81050000,4,8353.00000000,2948.63050000,0
1658966220.0,0.35390000,0.35390000,0.35370000,0.35370000,1119.00000000,1658966399999,395.81390000,3,118.00000000,41.76020000,0
1658966400.0,0.35420000,0.35420000,0.35320000,0.35320000,5236.00000000,1658966579999,1849.59100000,7,5164.00000000,1824.10300000,0
1658966580.0,0.35320000,0.35320000,0.35320000,0.35320000,0.00000000,1658966759999,0.00000000,0,0.00000000,0.00000000,0
1658966760.0,0.35320000,0.35320000,0.35320000,0.35320000,0.00000000,1658966939999,0.00000000,0,0.00000000,0.00000000,0
1658966940.0,0.35070000,0.35070000,0.35060000,0.35060000,301.00000000,1658967119999,105.54850000,2,0.00000000,0.00000000,0
1658967120.0,0.35080000,0.35080000,0.35000000,0.35000000,2381.00000000,1658967299999,833.37320000,2,29.00000000,10.17320000,0
1658967300.0,0.35000000,0.35000000,0.35000000,0.35000000,0.00000000,1658967479999,0.00000000,0,0.00000000,0.00000000,0
1658967480.0,0.35000000,0.35000000,0.35000000,0.35000000,0.00000000,1658967659999,0.00000000,0,0.00000000,0.00000000,0
1658967660.0,0.35110000,0.35110000,0.35070000,0.35070000,682.00000000,1658967839999,239.31380000,2,682.00000000,239.31380000,0
1658967840.0,0.35000000,0.35000000,0.35000000,0.35000000,115.00000000,1658968019999,40.25000000,1,0.00000000,0.00000000,0
1658968020.0,0.35000000,0.35000000,0.35000000,0.35000000,0.00000000,1658968199999,0.00000000,0,0.00000000,0.00000000,0
1658968200.0,0.35000000,0.35100000,0.35000000,0.35000000,19810.00000000,1658968379999,6934.01300000,4,19810.00000000,6934.01300000,0
1658968380.0,0.35000000,0.35000000,0.35000000,0.35000000,0.00000000,1658968559999,0.00000000,0,0.00000000,0.00000000,0
1658968560.0,0.35000000,0.35000000,0.35000000,0.35000000,0.00000000,1658968739999,0.00000000,0,0.00000000,0.00000000,0
1658968740.0,0.34910000,0.34930000,0.34900000,0.34900000,592.00000000,1658968919999,206.64980000,4,42.00000000,14.67060000,0
1658968920.0,0.34900000,0.34900000,0.34900000,0.34900000,0.00000000,1658969099999,0.00000000,0,0.00000000,0.00000000,0
1658969100.0,0.34900000,0.34900000,0.34900000,0.34900000,143.00000000,1658969279999,49.90700000,1,143.00000000,49.90700000,0
1658969280.0,0.34900000,0.34900000,0.34900000,0.34900000,0.00000000,1658969459999,0.00000000,0,0.00000000,0.00000000,0
1658969460.0,0.34900000,0.34900000,0.34900000,0.34900000,0.00000000,1658969639999,0.00000000,0,0.00000000,0.00000000,0
1658969640.0,0.34900000,0.34900000,0.34900000,0.34900000,0.00000000,1658969819999,0.00000000,0,0.00000000,0.00000000,0
1658969820.0,0.34920000,0.35000000,0.34920000,0.34920000,931.00000000,1658969999999,325.12840000,4,130.00000000,45.41920000,0
1658970000.0,0.34920000,0.34920000,0.34920000,0.34920000,0.00000000,1658970179999,0.00000000,0,0.00000000,0.00000000,0
1658970180.0,0.34940000,0.34940000,0.34940000,0.34940000,57.00000000,1658970359999,19.91580000,1,57.00000000,19.91580000,0
1658970360.0,0.34940000,0.34940000,0.34940000,0.34940000,286.00000000,1658970539999,99.92840000,1,286.00000000,99.92840000,0
1658970540.0,0.34900000,0.34900000,0.34810000,0.34810000,599.00000000,1658970719999,208.72100000,5,0.00000000,0.00000000,0
1658970720.0,0.34810000,0.34810000,0.34720000,0.34720000,94.00000000,1658970899999,32.69080000,2,94.00000000,32.69080000,0
1658970900.0,0.34720000,0.34720000,0.34720000,0.34720000,9.00000000,1658971079999,3.12480000,1,9.00000000,3.12480000,0
1658971080.0,0.34780000,0.34780000,0.34780000,0.34780000,157.00000000,1658971259999,54.60460000,1,157.00000000,54.60460000,0
1658971260.0,0.34760000,0.34760000,0.34760000,0.34760000,180.00000000,1658971439999,62.56800000,1,180.00000000,62.56800000,0
1658971440.0,0.34740000,0.34760000,0.34700000,0.34700000,1485.00000000,1658971619999,515.55920000,3,1485.00000000,515.55920000,0
1658971620.0,0.34700000,0.34700000,0.34700000,0.34700000,0.00000000,1658971799999,0.00000000,0,0.00000000,0.00000000,0
1658971800.0,0.34700000,0.34700000,0.34700000,0.34700000,389.00000000,1658971979999,134.98300000,1,0.00000000,0.00000000,0
1658971980.0,0.34700000,0.34700000,0.34700000,0.34700000,499.00000000,1658972159999,173.15300000,2,499.00000000,173.15300000,0
1658972160.0,0.34700000,0.34700000,0.34700000,0.34700000,0.00000000,1658972339999,0.00000000,0,0.00000000,0.00000000,0
1658972340.0,0.34700000,0.34700000,0.34700000,0.34700000,150.00000000,1658972519999,52.05000000,3,50.00000000,17.35000000,0
1658972520.0,0.34700000,0.34700000,0.34700000,0.34700000,0.00000000,1658972699999,0.00000000,0,0.00000000,0.00000000,0
1658972700.0,0.34700000,0.34700000,0.34700000,0.34700000,353.00000000,1658972879999,122.49100000,1,353.00000000,122.49100000,0
1658972880.0,0.34750000,0.34750000,0.34750000,0.34750000,71.00000000,1658973059999,24.67250000,1,71.00000000,24.67250000,0
1658973060.0,0.34750000,0.34750000,0.34750000,0.34750000,0.00000000,1658973239999,0.00000000,0,0.00000000,0.00000000,0
1658973240.0,0.34750000,0.34750000,0.34750000,0.34750000,0.00000000,1658973419999,0.00000000,0,0.00000000,0.00000000,0
1658973420.0,0.34760000,0.34760000,0.34760000,0.34760000,57.00000000,1658973599999,19.81320000,1,57.00000000,19.81320000,0
1658973600.0,0.34760000,0.34760000,0.34700000,0.34700000,611.00000000,1658973779999,212.03860000,3,36.00000000,12.51360000,0
1658973780.0,0.34710000,0.34710000,0.34710000,0.34710000,1490.00000000,1658973959999,517.17900000,1,0.00000000,0.00000000,0
1658973960.0,0.34650000,0.34650000,0.34650000,0.34650000,4372.00000000,1658974139999,1514.89800000,3,0.00000000,0.00000000,0
1658974140.0,0.34650000,0.34650000,0.34650000,0.34650000,0.00000000,1658974319999,0.00000000,0,0.00000000,0.00000000,0
1658974320.0,0.34650000,0.34650000,0.34650000,0.34650000,0.00000000,1658974499999,0.00000000,0,0.00000000,0.00000000,0
1658974500.0,0.34650000,0.34650000,0.34650000,0.34650000,0.00000000,1658974679999,0.00000000,0,0.00000000,0.00000000,0
1658974680.0,0.34660000,0.34660000,0.34660000,0.34660000,999.00000000,1658974859999,346.25340000,1,0.00000000,0.00000000,0
1658974860.0,0.34660000,0.34660000,0.34650000,0.34650000,203.00000000,1658975039999,70.35070000,3,0.00000000,0.00000000,0
1658975040.0,0.34650000,0.34650000,0.34650000,0.34650000,0.00000000,1658975219999,0.00000000,0,0.00000000,0.00000000,0
1658975220.0,0.34650000,0.34650000,0.34650000,0.34650000,0.00000000,1658975399999,0.00000000,0,0.00000000,0.00000000,0
1658975400.0,0.34750000,0.34750000,0.34750000,0.34750000,289.00000000,1658975579999,100.42750000,1,289.00000000,100.42750000,0
1658975580.0,0.34760000,0.34850000,0.34760000,0.34850000,880.00000000,1658975759999,306.19670000,4,880.00000000,306.19670000,0
1658975760.0,0.34820000,0.34820000,0.34820000,0.34820000,3994.00000000,1658975939999,1390.71080000,2,3994.00000000,1390.71080000,0
1658975940.0,0.34820000,0.34820000,0.34760000,0.34760000,9731.00000000,1658976119999,3382.62280000,4,9553.00000000,3320.75000000,0
1658976120.0,0.34800000,0.34800000,0.34800000,0.34800000,510.00000000,1658976299999,177.48000000,1,0.00000000,0.00000000,0
1658976300.0,0.35000000,0.35370000,0.35000000,0.35310000,99328.00000000,1658976479999,34792.94120000,8,94329.00000000,33028.09430000,0
1658976480.0,0.35280000,0.35330000,0.35210000,0.35330000,6175.00000000,1658976659999,2180.06200000,5,3128.00000000,1105.12240000,0
1658976660.0,0.35330000,0.35330000,0.35330000,0.35330000,0.00000000,1658976839999,0.00000000,0,0.00000000,0.00000000,0
1658976840.0,0.35310000,0.35310000,0.35120000,0.35120000,11814.00000000,1658977019999,4152.24160000,4,877.00000000,309.66870000,0
1658977020.0,0.35120000,0.35120000,0.35120000,0.35120000,0.00000000,1658977199999,0.00000000,0,0.00000000,0.00000000,0
1658977200.0,0.35120000,0.35120000,0.35120000,0.35120000,0.00000000,1658977379999,0.00000000,0,0.00000000,0.00000000,0
1658977380.0,0.35200000,0.35200000,0.35200000,0.35200000,740.00000000,1658977559999,260.48000000,1,0.00000000,0.00000000,0
1658977560.0,0.35200000,0.35200000,0.35200000,0.35200000,0.00000000,1658977739999,0.00000000,0,0.00000000,0.00000000,0
1658977740.0,0.35200000,0.35200000,0.35200000,0.35200000,50.00000000,1658977919999,17.60000000,1,0.00000000,0.00000000,0
1658977920.0,0.35200000,0.35200000,0.35200000,0.35200000,125.00000000,1658978099999,44.00000000,1,0.00000000,0.00000000,0
1658978100.0,0.35250000,0.35250000,0.35250000,0.35250000,283.00000000,1658978279999,99.75750000,1,283.00000000,99.75750000,0
1658978280.0,0.35290000,0.35290000,0.35290000,0.35290000,47.00000000,1658978459999,16.58630000,1,47.00000000,16.58630000,0
1658978460.0,0.35290000,0.35290000,0.35290000,0.35290000,0.00000000,1658978639999,0.00000000,0,0.00000000,0.00000000,0
1658978640.0,0.35290000,0.35290000,0.35290000,0.35290000,0.00000000,1658978819999,0.00000000,0,0.00000000,0.00000000,0
1658978820.0,0.35290000,0.35290000,0.35290000,0.35290000,283.00000000,1658978999999,99.87070000,1,0.00000000,0.00000000,0
1658979000.0,0.35240000,0.35240000,0.35240000,0.35240000,3990.00000000,1658979179999,1406.07600000,1,0.00000000,0.00000000,0
1658979180.0,0.35190000,0.35190000,0.35120000,0.35120000,599.00000000,1658979359999,210.57460000,2,294.00000000,103.45860000,0
1658979360.0,0.35100000,0.35100000,0.35100000,0.35100000,3003.00000000,1658979539999,1054.05300000,2,0.00000000,0.00000000,0
1658979540.0,0.35090000,0.35090000,0.35060000,0.35060000,264.00000000,1658979719999,92.60100000,2,0.00000000,0.00000000,0
1658979720.0,0.35060000,0.35060000,0.35060000,0.35060000,0.00000000,1658979899999,0.00000000,0,0.00000000,0.00000000,0
1658979900.0,0.35060000,0.35060000,0.35060000,0.35060000,0.00000000,1658980079999,0.00000000,0,0.00000000,0.00000000,0
1658980080.0,0.35060000,0.35060000,0.35060000,0.35060000,0.00000000,1658980259999,0.00000000,0,0.00000000,0.00000000,0
1658980260.0,0.35060000,0.35060000,0.35060000,0.35060000,0.00000000,1658980439999,0.00000000,0,0.00000000,0.00000000,0
1658980440.0,0.35060000,0.35060000,0.35060000,0.35060000,0.00000000,1658980619999,0.00000000,0,0.00000000,0.00000000,0
1658980620.0,0.35060000,0.35060000,0.35060000,0.35060000,0.00000000,1658980799999,0.00000000,0,0.00000000,0.00000000,0
1658980800.0,0.35060000,0.35060000,0.35060000,0.35060000,0.00000000,1658980979999,0.00000000,0,0.00000000,0.00000000,0
1658980980.0,0.35060000,0.35060000,0.35060000,0.35060000,0.00000000,1658981159999,0.00000000,0,0.00000000,0.00000000,0
1658981160.0,0.35060000,0.35060000,0.35060000,0.35060000,0.00000000,1658981339999,0.00000000,0,0.00000000,0.00000000,0
1658981340.0,0.35060000,0.35060000,0.35040000,0.35040000,92.00000000,1658981519999,32.24520000,2,0.00000000,0.00000000,0
1658981520.0,0.35040000,0.35040000,0.35040000,0.35040000,0.00000000,1658981699999,0.00000000,0,0.00000000,0.00000000,0
1658981700.0,0.35080000,0.35080000,0.35080000,0.35080000,200.00000000,1658981879999,70.16000000,1,200.00000000,70.16000000,0
1658981880.0,0.35060000,0.35060000,0.35060000,0.35060000,75.00000000,1658982059999,26.29500000,1,0.00000000,0.00000000,0
1658982060.0,0.35060000,0.35060000,0.35060000,0.35060000,2000.00000000,1658982239999,701.20000000,1,0.00000000,0.00000000,0
1658982240.0,0.35060000,0.35090000,0.35060000,0.35090000,342.00000000,1658982419999,119.99910000,2,313.00000000,109.83170000,0
1658982420.0,0.35090000,0.35090000,0.35090000,0.35090000,0.00000000,1658982599999,0.00000000,0,0.00000000,0.00000000,0
1658982600.0,0.35090000,0.35090000,0.35090000,0.35090000,0.00000000,1658982779999,0.00000000,0,0.00000000,0.00000000,0
1658982780.0,0.35050000,0.35050000,0.35040000,0.35040000,10777.00000000,1658982959999,3776.77620000,6,0.00000000,0.00000000,0
1658982960.0,0.35000000,0.35000000,0.34940000,0.34940000,162646.00000000,1658983139999,56898.85540000,14,0.00000000,0.00000000,0
1658983140.0,0.34970000,0.34970000,0.34970000,0.34970000,163.00000000,1658983319999,57.00110000,1,0.00000000,0.00000000,0
1658983320.0,0.34970000,0.34970000,0.34970000,0.34970000,0.00000000,1658983499999,0.00000000,0,0.00000000,0.00000000,0
1658983500.0,0.34920000,0.34920000,0.34920000,0.34920000,28114.00000000,1658983679999,9817.40880000,1,0.00000000,0.00000000,0
1658983680.0,0.34970000,0.34970000,0.34970000,0.34970000,4937.00000000,1658983859999,1726.46890000,2,4937.00000000,1726.46890000,0
1658983860.0,0.34920000,0.34920000,0.34920000,0.34920000,2146.00000000,1658984039999,749.38320000,2,0.00000000,0.00000000,0
1658984040.0,0.34920000,0.34920000,0.34920000,0.34920000,0.00000000,1658984219999,0.00000000,0,0.00000000,0.00000000,0
1658984220.0,0.35000000,0.35000000,0.35000000,0.35000000,31.00000000,1658984399999,10.85000000,1,31.00000000,10.85000000,0
1658984400.0,0.35000000,0.35000000,0.35000000,0.35000000,0.00000000,1658984579999,0.00000000,0,0.00000000,0.00000000,0
1658984580.0,0.35000000,0.35000000,0.35000000,0.35000000,0.00000000,1658984759999,0.00000000,0,0.00000000,0.00000000,0
1658984760.0,0.35000000,0.35000000,0.35000000,0.35000000,0.00000000,1658984939999,0.00000000,0,0.00000000,0.00000000,0
1658984940.0,0.35000000,0.35000000,0.35000000,0.35000000,0.00000000,1658985119999,0.00000000,0,0.00000000,0.00000000,0
1658985120.0,0.34910000,0.34910000,0.34910000,0.34910000,10044.00000000,1658985299999,3506.36040000,1,0.00000000,0.00000000,0
1658985300.0,0.34910000,0.34910000,0.34910000,0.34910000,0.00000000,1658985479999,0.00000000,0,0.00000000,0.00000000,0
1658985480.0,0.34910000,0.34910000,0.34910000,0.34910000,0.00000000,1658985659999,0.00000000,0,0.00000000,0.00000000,0
1658985660.0,0.34910000,0.34910000,0.34910000,0.34910000,0.00000000,1658985839999,0.00000000,0,0.00000000,0.00000000,0
1658985840.0,0.34910000,0.34910000,0.34910000,0.34910000,0.00000000,1658986019999,0.00000000,0,0.00000000,0.00000000,0
1658986020.0,0.34910000,0.34910000,0.34910000,0.34910000,0.00000000,1658986199999,0.00000000,0,0.00000000,0.00000000,0
1658986200.0,0.34910000,0.34910000,0.34910000,0.34910000,0.00000000,1658986379999,0.00000000,0,0.00000000,0.00000000,0
1658986380.0,0.34910000,0.34910000,0.34910000,0.34910000,0.00000000,1658986559999,0.00000000,0,0.00000000,0.00000000,0
1658986560.0,0.34910000,0.34910000,0.34910000,0.34910000,0.00000000,1658986739999,0.00000000,0,0.00000000,0.00000000,0
1658986740.0,0.34910000,0.34910000,0.34910000,0.34910000,0.00000000,1658986919999,0.00000000,0,0.00000000,0.00000000,0
1658986920.0,0.34910000,0.34910000,0.34910000,0.34910000,0.00000000,1658987099999,0.00000000,0,0.00000000,0.00000000,0
1658987100.0,0.35070000,0.35070000,0.35070000,0.35070000,9999.00000000,1658987279999,3506.64930000,2,9999.00000000,3506.64930000,0
1658987280.0,0.35070000,0.35070000,0.35070000,0.35070000,0.00000000,1658987459999,0.00000000,0,0.00000000,0.00000000,0
1658987460.0,0.35070000,0.35070000,0.35070000,0.35070000,0.00000000,1658987639999,0.00000000,0,0.00000000,0.00000000,0
1658987640.0,0.35070000,0.35070000,0.35070000,0.35070000,0.00000000,1658987819999,0.00000000,0,0.00000000,0.00000000,0
1658987820.0,0.35110000,0.35110000,0.35100000,0.35100000,10209.00000000,1658987999999,3583.71500000,3,0.00000000,0.00000000,0
1658988000.0,0.35100000,0.35100000,0.35100000,0.35100000,0.00000000,1658988179999,0.00000000,0,0.00000000,0.00000000,0
1658988180.0,0.35060000,0.35070000,0.35060000,0.35070000,2314.00000000,1658988359999,811.46380000,2,0.00000000,0.00000000,0
1658988360.0,0.35060000,0.35060000,0.35060000,0.35060000,209.00000000,1658988539999,73.27540000,1,0.00000000,0.00000000,0
1658988540.0,0.35060000,0.35060000,0.35060000,0.35060000,0.00000000,1658988719999,0.00000000,0,0.00000000,0.00000000,0
1658988720.0,0.35060000,0.35060000,0.35060000,0.35060000,0.00000000,1658988899999,0.00000000,0,0.00000000,0.00000000,0
1658988900.0,0.35060000,0.35060000,0.35060000,0.35060000,0.00000000,1658989079999,0.00000000,0,0.00000000,0.00000000,0
1658989080.0,0.35280000,0.35320000,0.35280000,0.35320000,198.00000000,1658989259999,69.88480000,2,122.00000000,43.04160000,0
1658989260.0,0.35290000,0.35290000,0.35290000,0.35290000,5350.00000000,1658989439999,1888.01500000,1,0.00000000,0.00000000,0
1658989440.0,0.35290000,0.35290000,0.35290000,0.35290000,0.00000000,1658989619999,0.00000000,0,0.00000000,0.00000000,0
1658989620.0,0.35290000,0.35290000,0.35290000,0.35290000,0.00000000,1658989799999,0.00000000,0,0.00000000,0.00000000,0
1658989800.0,0.35290000,0.35290000,0.35290000,0.35290000,0.00000000,1658989979999,0.00000000,0,0.00000000,0.00000000,0
1658989980.0,0.35290000,0.35290000,0.35290000,0.35290000,0.00000000,1658990159999,0.00000000,0,0.00000000,0.00000000,0
1658990160.0,0.35290000,0.35290000,0.35290000,0.35290000,0.00000000,1658990339999,0.00000000,0,0.00000000,0.00000000,0
1658990340.0,0.35290000,0.35290000,0.35290000,0.35290000,0.00000000,1658990519999,0.00000000,0,0.00000000,0.00000000,0
1658990520.0,0.35290000,0.35290000,0.35290000,0.35290000,0.00000000,1658990699999,0.00000000,0,0.00000000,0.00000000,0
1658990700.0,0.35290000,0.35290000,0.35290000,0.35290000,0.00000000,1658990879999,0.00000000,0,0.00000000,0.00000000,0
1658990880.0,0.35290000,0.35290000,0.35290000,0.35290000,0.00000000,1658991059999,0.00000000,0,0.00000000,0.00000000,0
1658991060.0,0.35290000,0.35290000,0.35290000,0.35290000,0.00000000,1658991239999,0.00000000,0,0.00000000,0.00000000,0
1658991240.0,0.35290000,0.35290000,0.35290000,0.35290000,0.00000000,1658991419999,0.00000000,0,0.00000000,0.00000000,0
1658991420.0,0.35290000,0.35290000,0.35290000,0.35290000,0.00000000,1658991599999,0.00000000,0,0.00000000,0.00000000,0
1658991600.0,0.35130000,0.35130000,0.35130000,0.35130000,596.00000000,1658991779999,209.37480000,1,0.00000000,0.00000000,0
1658991780.0,0.35060000,0.35060000,0.35020000,0.35020000,154.00000000,1658991959999,53.97960000,2,0.00000000,0.00000000,0
1658991960.0,0.35130000,0.35130000,0.35130000,0.35130000,60.00000000,1658992139999,21.07800000,1,60.00000000,21.07800000,0
1658992140.0,0.35130000,0.35130000,0.35130000,0.35130000,0.00000000,1658992319999,0.00000000,0,0.00000000,0.00000000,0
1658992320.0,0.35130000,0.35130000,0.35130000,0.35130000,0.00000000,1658992499999,0.00000000,0,0.00000000,0.00000000,0
1658992500.0,0.35130000,0.35130000,0.35130000,0.35130000,0.00000000,1658992679999,0.00000000,0,0.00000000,0.00000000,0
1658992680.0,0.35130000,0.35130000,0.35130000,0.35130000,0.00000000,1658992859999,0.00000000,0,0.00000000,0.00000000,0
1658992860.0,0.35130000,0.35130000,0.35130000,0.35130000,0.00000000,1658993039999,0.00000000,0,0.00000000,0.00000000,0
1658993040.0,0.35130000,0.35130000,0.35130000,0.35130000,0.00000000,1658993219999,0.00000000,0,0.00000000,0.00000000,0
1658993220.0,0.35130000,0.35130000,0.35130000,0.35130000,0.00000000,1658993399999,0.00000000,0,0.00000000,0.00000000,0
1658993400.0,0.35060000,0.35060000,0.35060000,0.35060000,427.00000000,1658993579999,149.70620000,1,427.00000000,149.70620000,0
1658993580.0,0.34980000,0.34980000,0.34980000,0.34980000,35.00000000,1658993759999,12.24300000,1,35.00000000,12.24300000,0
1658993760.0,0.34980000,0.34980000,0.34980000,0.34980000,0.00000000,1658993939999,0.00000000,0,0.00000000,0.00000000,0
1658993940.0,0.34980000,0.34980000,0.34980000,0.34980000,0.00000000,1658994119999,0.00000000,0,0.00000000,0.00000000,0
1658994120.0,0.34940000,0.34940000,0.34940000,0.34940000,29.00000000,1658994299999,10.13260000,1,0.00000000,0.00000000,0
1658994300.0,0.34910000,0.34910000,0.34910000,0.34910000,60.00000000,1658994479999,20.94600000,1,0.00000000,0.00000000,0
1658994480.0,0.34910000,0.34910000,0.34910000,0.34910000,0.00000000,1658994659999,0.00000000,0,0.00000000,0.00000000,0
1658994660.0,0.34910000,0.34910000,0.34910000,0.34910000,0.00000000,1658994839999,0.00000000,0,0.00000000,0.00000000,0
1658994840.0,0.34910000,0.34910000,0.34910000,0.34910000,0.00000000,1658995019999,0.00000000,0,0.00000000,0.00000000,0
1658995020.0,0.34910000,0.34910000,0.34910000,0.34910000,0.00000000,1658995199999,0.00000000,0,0.00000000,0.00000000,0
1658995200.0,0.34910000,0.34910000,0.34910000,0.34910000,0.00000000,1658995379999,0.00000000,0,0.00000000,0.00000000,0
1658995380.0,0.34910000,0.34910000,0.34910000,0.34910000,0.00000000,1658995559999,0.00000000,0,0.00000000,0.00000000,0
1658995560.0,0.34910000,0.34910000,0.34910000,0.34910000,0.00000000,1658995739999,0.00000000,0,0.00000000,0.00000000,0
1658995740.0,0.35000000,0.35000000,0.35000000,0.35000000,86.00000000,1658995919999,30.10000000,1,0.00000000,0.00000000,0
1658995920.0,0.35000000,0.35000000,0.35000000,0.35000000,0.00000000,1658996099999,0.00000000,0,0.00000000,0.00000000,0
1658996100.0,0.35010000,0.35010000,0.35010000,0.35010000,342.00000000,1658996279999,119.73420000,1,342.00000000,119.73420000,0
1658996280.0,0.35010000,0.35010000,0.35010000,0.35010000,0.00000000,1658996459999,0.00000000,0,0.00000000,0.00000000,0
1658996460.0,0.35010000,0.35010000,0.35010000,0.35010000,0.00000000,1658996639999,0.00000000,0,0.00000000,0.00000000,0
1658996640.0,0.35010000,0.35010000,0.35010000,0.35010000,0.00000000,1658996819999,0.00000000,0,0.00000000,0.00000000,0
1658996820.0,0.35010000,0.35010000,0.35010000,0.35010000,0.00000000,1658996999999,0.00000000,0,0.00000000,0.00000000,0
1658997000.0,0.34920000,0.34920000,0.34900000,0.34900000,7681.00000000,1658997179999,2681.94920000,2,1280.00000000,446.72000000,0
1658997180.0,0.35010000,0.35010000,0.35000000,0.35000000,6158.00000000,1658997359999,2155.90190000,2,6158.00000000,2155.90190000,0
1658997360.0,0.35000000,0.35000000,0.35000000,0.35000000,0.00000000,1658997539999,0.00000000,0,0.00000000,0.00000000,0
1658997540.0,0.35000000,0.35000000,0.35000000,0.35000000,0.00000000,1658997719999,0.00000000,0,0.00000000,0.00000000,0
1658997720.0,0.35000000,0.35000000,0.35000000,0.35000000,0.00000000,1658997899999,0.00000000,0,0.00000000,0.00000000,0
1658997900.0,0.35000000,0.35000000,0.35000000,0.35000000,0.00000000,1658998079999,0.00000000,0,0.00000000,0.00000000,0
1658998080.0,0.35000000,0.35000000,0.35000000,0.35000000,0.00000000,1658998259999,0.00000000,0,0.00000000,0.00000000,0
1658998260.0,0.35000000,0.35000000,0.35000000,0.35000000,0.00000000,1658998439999,0.00000000,0,0.00000000,0.00000000,0
1658998440.0,0.35100000,0.35100000,0.35100000,0.35100000,28.00000000,1658998619999,9.82800000,1,28.00000000,9.82800000,0
1658998620.0,0.35100000,0.35100000,0.35100000,0.35100000,0.00000000,1658998799999,0.00000000,0,0.00000000,0.00000000,0
1658998800.0,0.35100000,0.35100000,0.35100000,0.35100000,0.00000000,1658998979999,0.00000000,0,0.00000000,0.00000000,0
1658998980.0,0.35100000,0.35100000,0.35100000,0.35100000,0.00000000,1658999159999,0.00000000,0,0.00000000,0.00000000,0
1658999160.0,0.35080000,0.35080000,0.35080000,0.35080000,142.00000000,1658999339999,49.81360000,1,142.00000000,49.81360000,0
1658999340.0,0.35080000,0.35080000,0.35080000,0.35080000,0.00000000,1658999519999,0.00000000,0,0.00000000,0.00000000,0
1658999520.0,0.35060000,0.35060000,0.35060000,0.35060000,578.00000000,1658999699999,202.64680000,1,578.00000000,202.64680000,0
1658999700.0,0.35060000,0.35060000,0.35060000,0.35060000,0.00000000,1658999879999,0.00000000,0,0.00000000,0.00000000,0
1658999880.0,0.35060000,0.35060000,0.35060000,0.35060000,0.00000000,1659000059999,0.00000000,0,0.00000000,0.00000000,0
1659000060.0,0.34850000,0.34850000,0.34620000,0.34620000,45996.00000000,1659000239999,15956.83000000,7,6990.00000000,2419.93800000,0
1659000240.0,0.34850000,0.34850000,0.34850000,0.34850000,122.00000000,1659000419999,42.51700000,1,122.00000000,42.51700000,0
1659000420.0,0.34840000,0.34900000,0.34840000,0.34900000,7235.00000000,1659000599999,2524.98080000,3,7178.00000000,2505.12200000,0
1659000600.0,0.34790000,0.34790000,0.34790000,0.34790000,428.00000000,1659000779999,148.90120000,1,0.00000000,0.00000000,0
1659000780.0,0.34790000,0.34790000,0.34790000,0.34790000,0.00000000,1659000959999,0.00000000,0,0.00000000,0.00000000,0
1659000960.0,0.34790000,0.34790000,0.34790000,0.34790000,0.00000000,1659001139999,0.00000000,0,0.00000000,0.00000000,0
1659001140.0,0.34790000,0.34790000,0.34790000,0.34790000,0.00000000,1659001319999,0.00000000,0,0.00000000,0.00000000,0
1659001320.0,0.34870000,0.34870000,0.34870000,0.34870000,441.00000000,1659001499999,153.77670000,1,0.00000000,0.00000000,0
1659001500.0,0.34870000,0.34870000,0.34870000,0.34870000,0.00000000,1659001679999,0.00000000,0,0.00000000,0.00000000,0
1659001680.0,0.34880000,0.34910000,0.34880000,0.34910000,970.00000000,1659001859999,338.42120000,2,0.00000000,0.00000000,0
1659001860.0,0.34910000,0.34910000,0.34910000,0.34910000,0.00000000,1659002039999,0.00000000,0,0.00000000,0.00000000,0
1659002040.0,0.34910000,0.34910000,0.34910000,0.34910000,0.00000000,1659002219999,0.00000000,0,0.00000000,0.00000000,0
1659002220.0,0.34910000,0.34910000,0.34910000,0.34910000,0.00000000,1659002399999,0.00000000,0,0.00000000,0.00000000,0
1659002400.0,0.34910000,0.34910000,0.34910000,0.34910000,0.00000000,1659002579999,0.00000000,0,0.00000000,0.00000000,0
1659002580.0,0.34980000,0.34980000,0.34980000,0.34980000,286.00000000,1659002759999,100.04280000,1,286.00000000,100.04280000,0
1659002760.0,0.34980000,0.34980000,0.34980000,0.34980000,0.00000000,1659002939999,0.00000000,0,0.00000000,0.00000000,0
1659002940.0,0.34980000,0.34980000,0.34980000,0.34980000,0.00000000,1659003119999,0.00000000,0,0.00000000,0.00000000,0
1659003120.0,0.34980000,0.34980000,0.34920000,0.34920000,1814.00000000,1659003299999,633.55380000,2,175.00000000,61.21500000,0
1659003300.0,0.34970000,0.34970000,0.34970000,0.34970000,441.00000000,1659003479999,154.21770000,1,0.00000000,0.00000000,0
1659003480.0,0.34970000,0.34970000,0.34970000,0.34970000,0.00000000,1659003659999,0.00000000,0,0.00000000,0.00000000,0
1659003660.0,0.34970000,0.34970000,0.34970000,0.34970000,0.00000000,1659003839999,0.00000000,0,0.00000000,0.00000000,0
1659003840.0,0.34900000,0.34900000,0.34900000,0.34900000,324.00000000,1659004019999,113.07600000,1,0.00000000,0.00000000,0
1659004020.0,0.34900000,0.34900000,0.34900000,0.34900000,0.00000000,1659004199999,0.00000000,0,0.00000000,0.00000000,0
1659004200.0,0.34900000,0.34900000,0.34900000,0.34900000,0.00000000,1659004379999,0.00000000,0,0.00000000,0.00000000,0
1659004380.0,0.34900000,0.34900000,0.34900000,0.34900000,0.00000000,1659004559999,0.00000000,0,0.00000000,0.00000000,0
1659004560.0,0.35060000,0.35060000,0.35060000,0.35060000,122.00000000,1659004739999,42.77320000,1,122.00000000,42.77320000,0
1659004740.0,0.35060000,0.35100000,0.35060000,0.35100000,199.00000000,1659004919999,69.82660000,2,199.00000000,69.82660000,0
1659004920.0,0.35100000,0.35100000,0.35100000,0.35100000,0.00000000,1659005099999,0.00000000,0,0.00000000,0.00000000,0
1659005100.0,0.35100000,0.35100000,0.35100000,0.35100000,0.00000000,1659005279999,0.00000000,0,0.00000000,0.00000000,0
1659005280.0,0.35130000,0.35130000,0.35130000,0.35130000,42.00000000,1659005459999,14.75460000,1,42.00000000,14.75460000,0
1659005460.0,0.35130000,0.35130000,0.35130000,0.35130000,0.00000000,1659005639999,0.00000000,0,0.00000000,0.00000000,0
1659005640.0,0.35130000,0.35130000,0.35130000,0.35130000,0.00000000,1659005819999,0.00000000,0,0.00000000,0.00000000,0
1659005820.0,0.35020000,0.35020000,0.35020000,0.35020000,1119.00000000,1659005999999,391.87380000,1,0.00000000,0.00000000,0
1659006000.0,0.35020000,0.35020000,0.35020000,0.35020000,0.00000000,1659006179999,0.00000000,0,0.00000000,0.00000000,0
1659006180.0,0.35020000,0.35020000,0.35020000,0.35020000,0.00000000,1659006359999,0.00000000,0,0.00000000,0.00000000,0
1659006360.0,0.35020000,0.35020000,0.35020000,0.35020000,0.00000000,1659006539999,0.00000000,0,0.00000000,0.00000000,0
1659006540.0,0.35060000,0.35060000,0.35060000,0.35060000,846.00000000,1659006719999,296.60760000,1,0.00000000,0.00000000,0
1659006720.0,0.35060000,0.35060000,0.35060000,0.35060000,0.00000000,1659006899999,0.00000000,0,0.00000000,0.00000000,0
1659006900.0,0.35180000,0.35180000,0.35180000,0.35180000,108.00000000,1659007079999,37.99440000,1,108.00000000,37.99440000,0
1659007080.0,0.35160000,0.35160000,0.35160000,0.35160000,397.00000000,1659007259999,139.58520000,1,0.00000000,0.00000000,0
1659007260.0,0.35160000,0.35160000,0.35160000,0.35160000,0.00000000,1659007439999,0.00000000,0,0.00000000,0.00000000,0
1659007440.0,0.35200000,0.35200000,0.35200000,0.35200000,340.00000000,1659007619999,119.68000000,1,340.00000000,119.68000000,0
1659007620.0,0.35200000,0.35200000,0.35200000,0.35200000,0.00000000,1659007799999,0.00000000,0,0.00000000,0.00000000,0
1659007800.0,0.35220000,0.35220000,0.35220000,0.35220000,101.00000000,1659007979999,35.57220000,1,0.00000000,0.00000000,0
1659007980.0,0.35200000,0.35200000,0.35180000,0.35190000,393.00000000,1659008159999,138.26970000,4,31.00000000,10.90890000,0
1659008160.0,0.35130000,0.35130000,0.35120000,0.35120000,4799.00000000,1659008339999,1685.70830000,2,0.00000000,0.00000000,0
1659008340.0,0.35120000,0.35120000,0.35120000,0.35120000,0.00000000,1659008519999,0.00000000,0,0.00000000,0.00000000,0
1659008520.0,0.35120000,0.35120000,0.35120000,0.35120000,0.00000000,1659008699999,0.00000000,0,0.00000000,0.00000000,0
1659008700.0,0.35270000,0.35270000,0.35190000,0.35190000,232.00000000,1659008879999,81.67440000,2,42.00000000,14.81340000,0
1659008880.0,0.35190000,0.35190000,0.35190000,0.35190000,0.00000000,1659009059999,0.00000000,0,0.00000000,0.00000000,0
1659009060.0,0.35270000,0.35270000,0.35270000,0.35270000,2983.00000000,1659009239999,1052.10410000,1,2983.00000000,1052.10410000,0
1659009240.0,0.35280000,0.35280000,0.35280000,0.35280000,122.00000000,1659009419999,43.04160000,1,122.00000000,43.04160000,0
1659009420.0,0.35280000,0.35280000,0.35280000,0.35280000,0.00000000,1659009599999,0.00000000,0,0.00000000,0.00000000,0
1659009600.0,0.35280000,0.35280000,0.35280000,0.35280000,0.00000000,1659009779999,0.00000000,0,0.00000000,0.00000000,0
1659009780.0,0.35300000,0.35360000,0.35300000,0.35360000,428.00000000,1659009959999,151.28680000,2,338.00000000,119.51680000,0
1659009960.0,0.35390000,0.35400000,0.35390000,0.35400000,111.00000000,1659010139999,39.28820000,2,111.00000000,39.28820000,0
1659010140.0,0.35400000,0.35400000,0.35400000,0.35400000,0.00000000,1659010319999,0.00000000,0,0.00000000,0.00000000,0
1659010320.0,0.35400000,0.35400000,0.35400000,0.35400000,0.00000000,1659010499999,0.00000000,0,0.00000000,0.00000000,0
1659010500.0,0.35400000,0.35400000,0.35400000,0.35400000,0.00000000,1659010679999,0.00000000,0,0.00000000,0.00000000,0
1659010680.0,0.35400000,0.35400000,0.35400000,0.35400000,0.00000000,1659010859999,0.00000000,0,0.00000000,0.00000000,0
1659010860.0,0.35120000,0.35120000,0.35120000,0.35120000,31.00000000,1659011039999,10.88720000,1,0.00000000,0.00000000,0
1659011040.0,0.35060000,0.35060000,0.34940000,0.34940000,440.00000000,1659011219999,153.88240000,2,0.00000000,0.00000000,0
1659011220.0,0.35050000,0.35050000,0.35050000,0.35050000,60.00000000,1659011399999,21.03000000,1,60.00000000,21.03000000,0
1659011400.0,0.35170000,0.35170000,0.34500000,0.34500000,4833.00000000,1659011579999,1683.51240000,6,1118.00000000,393.20060000,0
1659011580.0,0.34850000,0.34940000,0.34850000,0.34900000,14140.00000000,1659011759999,4934.92020000,5,4637.00000000,1617.49560000,0
1659011760.0,0.34830000,0.34830000,0.34630000,0.34630000,3146.00000000,1659011939999,1095.50780000,2,0.00000000,0.00000000,0
1659011940.0,0.34570000,0.34590000,0.34500000,0.34590000,22321.00000000,1659012119999,7714.40540000,4,18290.00000000,6323.71040000,0
1659012120.0,0.34540000,0.34540000,0.34540000,0.34540000,6454.00000000,1659012299999,2229.21160000,2,6454.00000000,2229.21160000,0
1659012300.0,0.34540000,0.34540000,0.34540000,0.34540000,0.00000000,1659012479999,0.00000000,0,0.00000000,0.00000000,0
1659012480.0,0.34850000,0.34850000,0.34730000,0.34730000,2285.00000000,1659012659999,795.55030000,3,259.00000000,90.09710000,0
1659012660.0,0.34730000,0.34730000,0.34730000,0.34730000,0.00000000,1659012839999,0.00000000,0,0.00000000,0.00000000,0
1659012840.0,0.34730000,0.34730000,0.34630000,0.34630000,1512.00000000,1659013019999,523.86160000,3,0.00000000,0.00000000,0
1659013020.0,0.34630000,0.34630000,0.34630000,0.34630000,0.00000000,1659013199999,0.00000000,0,0.00000000,0.00000000,0
1659013200.0,0.34630000,0.34630000,0.34630000,0.34630000,0.00000000,1659013379999,0.00000000,0,0.00000000,0.00000000,0
1659013380.0,0.34520000,0.34520000,0.34500000,0.34500000,6673.00000000,1659013559999,2302.79520000,2,0.00000000,0.00000000,0
1659013560.0,0.34570000,0.34570000,0.34530000,0.34540000,1191.00000000,1659013739999,411.44720000,4,282.00000000,97.48740000,0
1659013740.0,0.34520000,0.34530000,0.34440000,0.34440000,871.00000000,1659013919999,300.26930000,3,362.00000000,124.96970000,0
1659013920.0,0.34510000,0.34510000,0.34510000,0.34510000,101.00000000,1659014099999,34.85510000,1,101.00000000,34.85510000,0
1659014100.0,0.34570000,0.34570000,0.34570000,0.34570000,29.00000000,1659014279999,10.02530000,1,0.00000000,0.00000000,0
1659014280.0,0.34600000,0.34670000,0.34600000,0.34670000,2316.00000000,1659014459999,801.43890000,2,147.00000000,50.96490000,0
1659014460.0,0.34670000,0.34670000,0.34620000,0.34620000,289.00000000,1659014639999,100.15180000,2,289.00000000,100.15180000,0
1659014640.0,0.34610000,0.34610000,0.34610000,0.34610000,6061.00000000,1659014819999,2097.71210000,1,0.00000000,0.00000000,0
1659014820.0,0.34610000,0.34610000,0.34610000,0.34610000,0.00000000,1659014999999,0.00000000,0,0.00000000,0.00000000,0
1659015000.0,0.34850000,0.34850000,0.34850000,0.34850000,3145.00000000,1659015179999,1096.03250000,2,122.00000000,42.51700000,0
1659015180.0,0.34850000,0.34850000,0.34850000,0.34850000,0.00000000,1659015359999,0.00000000,0,0.00000000,0.00000000,0
1659015360.0,0.34850000,0.34850000,0.34850000,0.34850000,0.00000000,1659015539999,0.00000000,0,0.00000000,0.00000000,0
1659015540.0,0.34630000,0.34630000,0.34610000,0.34610000,202.00000000,1659015719999,69.93660000,2,0.00000000,0.00000000,0
1659015720.0,0.34410000,0.34410000,0.34410000,0.34410000,122.00000000,1659015899999,41.98020000,1,0.00000000,0.00000000,0
1659015900.0,0.34410000,0.34410000,0.34280000,0.34280000,7068.00000000,1659016079999,2423.04430000,2,7068.00000000,2423.04430000,0
1659016080.0,0.34280000,0.34280000,0.34280000,0.34280000,0.00000000,1659016259999,0.00000000,0,0.00000000,0.00000000,0
1659016260.0,0.34190000,0.34190000,0.34190000,0.34190000,122.00000000,1659016439999,41.71180000,1,0.00000000,0.00000000,0
1659016440.0,0.34190000,0.34190000,0.34190000,0.34190000,0.00000000,1659016619999,0.00000000,0,0.00000000,0.00000000,0
1659016620.0,0.34350000,0.34350000,0.34210000,0.34210000,27212.00000000,1659016799999,9346.86140000,6,26883.00000000,9234.31050000,0
1659016800.0,0.34290000,0.34290000,0.34280000,0.34280000,111.00000000,1659016979999,38.05880000,2,111.00000000,38.05880000,0
1659016980.0,0.34270000,0.34280000,0.34270000,0.34280000,89.00000000,1659017159999,30.50610000,2,0.00000000,0.00000000,0
1659017160.0,0.34260000,0.34260000,0.34260000,0.34260000,4730.00000000,1659017339999,1620.49800000,1,0.00000000,0.00000000,0
1659017340.0,0.34340000,0.34350000,0.34340000,0.34350000,2271.00000000,1659017519999,780.07810000,2,2167.00000000,744.36450000,0
1659017520.0,0.34300000,0.34410000,0.34300000,0.34410000,1159.00000000,1659017699999,397.67120000,2,122.00000000,41.98020000,0
1659017700.0,0.34490000,0.34490000,0.34420000,0.34480000,5699.00000000,1659017879999,1964.89920000,5,4839.00000000,1668.88720000,0
1659017880.0,0.34380000,0.34380000,0.34380000,0.34380000,311.00000000,1659018059999,106.92180000,1,0.00000000,0.00000000,0
1659018060.0,0.34380000,0.34380000,0.34380000,0.34380000,0.00000000,1659018239999,0.00000000,0,0.00000000,0.00000000,0
1659018240.0,0.34530000,0.34530000,0.34460000,0.34460000,5341.00000000,1659018419999,1843.30860000,2,4000.00000000,1381.20000000,0
1659018420.0,0.34460000,0.34460000,0.34460000,0.34460000,0.00000000,1659018599999,0.00000000,0,0.00000000,0.00000000,0
1659018600.0,0.34570000,0.34570000,0.34570000,0.34570000,75.00000000,1659018779999,25.92750000,1,75.00000000,25.92750000,0
1659018780.0,0.34540000,0.34630000,0.34540000,0.34630000,8522.00000000,1659018959999,2948.40860000,4,8122.00000000,2810.24860000,0
1659018960.0,0.34650000,0.34650000,0.34650000,0.34650000,3020.00000000,1659019139999,1046.43000000,2,3020.00000000,1046.43000000,0
1659019140.0,0.34610000,0.34610000,0.34610000,0.34610000,158.00000000,1659019319999,54.68380000,1,158.00000000,54.68380000,0
1659019320.0,0.34610000,0.34610000,0.34530000,0.34610000,13429.00000000,1659019499999,4646.01450000,5,3872.00000000,1340.09920000,0
1659019500.0,0.34680000,0.34690000,0.34680000,0.34690000,6040.00000000,1659019679999,2094.93230000,4,6040.00000000,2094.93230000,0
1659019680.0,0.34690000,0.34690000,0.34680000,0.34680000,163.00000000,1659019859999,56.53810000,3,163.00000000,56.53810000,0
1659019860.0,0.34730000,0.34730000,0.34730000,0.34730000,67.00000000,1659020039999,23.26910000,1,0.00000000,0.00000000,0
1659020040.0,0.34770000,0.34850000,0.34770000,0.34850000,4653.00000000,1659020219999,1620.61050000,4,4453.00000000,1551.07050000,0
1659020220.0,0.34820000,0.34820000,0.34820000,0.34820000,420.00000000,1659020399999,146.24400000,1,420.00000000,146.24400000,0
1659020400.0,0.34830000,0.34850000,0.34830000,0.34850000,1577.00000000,1659020579999,549.55590000,2,1577.00000000,549.55590000,0
1659020580.0,0.34850000,0.34850000,0.34850000,0.34850000,0.00000000,1659020759999,0.00000000,0,0.00000000,0.00000000,0
1659020760.0,0.34850000,0.34850000,0.34850000,0.34850000,0.00000000,1659020939999,0.00000000,0,0.00000000,0.00000000,0
1659020940.0,0.34850000,0.34850000,0.34850000,0.34850000,0.00000000,1659021119999,0.00000000,0,0.00000000,0.00000000,0
1659021120.0,0.34880000,0.34880000,0.34880000,0.34880000,4000.00000000,1659021299999,1395.20000000,1,4000.00000000,1395.20000000,0
1659021300.0,0.34960000,0.34960000,0.34960000,0.34960000,2141.00000000,1659021479999,748.49360000,1,2141.00000000,748.49360000,0
1659021480.0,0.34820000,0.34900000,0.34820000,0.34900000,160.00000000,1659021659999,55.79200000,2,100.00000000,34.90000000,0
1659021660.0,0.34960000,0.34960000,0.34960000,0.34960000,2316.00000000,1659021839999,809.67360000,1,2316.00000000,809.67360000,0
1659021840.0,0.35060000,0.35060000,0.35060000,0.35060000,122.00000000,1659022019999,42.77320000,1,122.00000000,42.77320000,0
1659022020.0,0.35130000,0.35280000,0.35130000,0.35230000,4776.00000000,1659022199999,1680.21980000,4,4548.00000000,1599.89540000,0
1659022200.0,0.35180000,0.35180000,0.35180000,0.35180000,7342.00000000,1659022379999,2582.91560000,3,0.00000000,0.00000000,0
1659022380.0,0.35180000,0.35270000,0.35180000,0.35230000,3604.00000000,1659022559999,1270.80380000,3,3115.00000000,1098.52910000,0
1659022560.0,0.35180000,0.35390000,0.35180000,0.35390000,4229.00000000,1659022739999,1487.93440000,3,82.00000000,29.01980000,0
1659022740.0,0.35400000,0.35400000,0.35390000,0.35390000,7112.00000000,1659022919999,2517.61550000,4,6787.00000000,2402.59800000,0
1659022920.0,0.35480000,0.35600000,0.35480000,0.35500000,66707.00000000,1659023099999,23715.80760000,11,63415.00000000,22544.71120000,0
1659023100.0,0.35500000,0.35500000,0.35500000,0.35500000,30.00000000,1659023279999,10.65000000,1,0.00000000,0.00000000,0
1659023280.0,0.35550000,0.35550000,0.35490000,0.35490000,9440.00000000,1659023459999,3353.08800000,4,9440.00000000,3353.08800000,0
1659023460.0,0.35470000,0.35640000,0.35470000,0.35640000,9440.00000000,1659023639999,3356.39200000,2,9440.00000000,3356.39200000,0
1659023640.0,0.35660000,0.35690000,0.35560000,0.35560000,14734.00000000,1659023819999,5251.77050000,5,8626.00000000,3077.20340000,0
1659023820.0,0.35630000,0.35650000,0.35530000,0.35650000,5107.00000000,1659023999999,1814.66650000,3,5107.00000000,1814.66650000,0
1659024000.0,0.35510000,0.35630000,0.35510000,0.35630000,6906.00000000,1659024179999,2452.35660000,3,6906.00000000,2452.35660000,0
1659024180.0,0.35630000,0.35630000,0.35630000,0.35630000,0.00000000,1659024359999,0.00000000,0,0.00000000,0.00000000,0
1659024360.0,0.35710000,0.35790000,0.35650000,0.35650000,617.00000000,1659024539999,220.33680000,5,375.00000000,134.06380000,0
1659024540.0,0.35750000,0.35810000,0.35750000,0.35810000,15879.00000000,1659024719999,5679.81510000,3,15879.00000000,5679.81510000,0
1659024720.0,0.35790000,0.35840000,0.35790000,0.35840000,655.00000000,1659024899999,234.50830000,3,236.00000000,84.54820000,0
1659024900.0,0.35810000,0.35810000,0.35810000,0.35810000,5257.00000000,1659025079999,1882.53170000,1,5257.00000000,1882.53170000,0
1659025080.0,0.35940000,0.36200000,0.35940000,0.35980000,70854.00000000,1659025259999,25524.35430000,22,70603.00000000,25434.04450000,0
1659025260.0,0.35980000,0.35980000,0.35980000,0.35980000,0.00000000,1659025439999,0.00000000,0,0.00000000,0.00000000,0
1659025440.0,0.36030000,0.36030000,0.35980000,0.35980000,451.00000000,1659025619999,162.44980000,2,360.00000000,129.70800000,0
1659025620.0,0.35940000,0.36070000,0.35880000,0.36070000,12677.00000000,1659025799999,4561.64870000,6,7354.00000000,2651.18620000,0
1659025800.0,0.35980000,0.35980000,0.35880000,0.35880000,5043.00000000,1659025979999,1809.51640000,2,5043.00000000,1809.51640000,0
1659025980.0,0.35880000,0.35900000,0.35820000,0.35820000,4201.00000000,1659026159999,1507.72450000,4,4171.00000000,1496.96050000,0
1659026160.0,0.35840000,0.35840000,0.35820000,0.35820000,362.00000000,1659026339999,129.73520000,2,362.00000000,129.73520000,0
1659026340.0,0.35820000,0.35820000,0.35730000,0.35730000,275.00000000,1659026519999,98.42810000,3,212.00000000,75.91820000,0
1659026520.0,0.35730000,0.35730000,0.35730000,0.35730000,0.00000000,1659026699999,0.00000000,0,0.00000000,0.00000000,0
1659026700.0,0.35720000,0.35780000,0.35720000,0.35780000,680.00000000,1659026879999,243.23080000,2,558.00000000,199.65240000,0
1659026880.0,0.35800000,0.35800000,0.35800000,0.35800000,111.00000000,1659027059999,39.73800000,1,111.00000000,39.73800000,0
1659027060.0,0.35780000,0.35780000,0.35780000,0.35780000,30.00000000,1659027239999,10.73400000,1,0.00000000,0.00000000,0
1659027240.0,0.35750000,0.35800000,0.35750000,0.35780000,7849.00000000,1659027419999,2808.10570000,4,697.00000000,249.52600000,0
1659027420.0,0.35750000,0.35760000,0.35750000,0.35760000,753.00000000,1659027599999,269.23930000,2,753.00000000,269.23930000,0
1659027600.0,0.35650000,0.35650000,0.35650000,0.35650000,1400.00000000,1659027779999,499.10000000,1,0.00000000,0.00000000,0
1659027780.0,0.35730000,0.35730000,0.35730000,0.35730000,2922.00000000,1659027959999,1044.03060000,1,2922.00000000,1044.03060000,0
1659027960.0,0.35780000,0.35780000,0.35780000,0.35780000,260.00000000,1659028139999,93.02800000,1,0.00000000,0.00000000,0
1659028140.0,0.35880000,0.35950000,0.35880000,0.35950000,13980.00000000,1659028319999,5018.36310000,7,13620.00000000,4889.19510000,0
1659028320.0,0.35950000,0.35950000,0.35950000,0.35950000,0.00000000,1659028499999,0.00000000,0,0.00000000,0.00000000,0
1659028500.0,0.35950000,0.35950000,0.35950000,0.35950000,0.00000000,1659028679999,0.00000000,0,0.00000000,0.00000000,0
1659028680.0,0.35960000,0.35960000,0.35960000,0.35960000,266.00000000,1659028859999,95.65360000,1,0.00000000,0.00000000,0
1659028860.0,0.36020000,0.36030000,0.36020000,0.36030000,1496.00000000,1659029039999,538.99770000,2,1496.00000000,538.99770000,0
1659029040.0,0.35950000,0.36080000,0.35950000,0.36010000,3801.00000000,1659029219999,1370.23370000,3,2768.00000000,998.69440000,0
1659029220.0,0.36150000,0.36180000,0.36150000,0.36180000,1503.00000000,1659029399999,543.74880000,2,1503.00000000,543.74880000,0
1659029400.0,0.36100000,0.36100000,0.36100000,0.36100000,243.00000000,1659029579999,87.72300000,1,243.00000000,87.72300000,0
1659029580.0,0.36180000,0.36220000,0.36180000,0.36220000,5847.00000000,1659029759999,2115.49980000,4,5792.00000000,2095.60080000,0
1659029760.0,0.36220000,0.36220000,0.36220000,0.36220000,138.00000000,1659029939999,49.98360000,1,0.00000000,0.00000000,0
                                                                                                                                                                                                                                                                                                                                                                                                                                                                                                                                                                                                                                                                                                                                                                                                                                                                                                                                                                                                                                                                                                                                                                                                                                                                                                                                                                                                                                                                                                                                                                                                                                                                                                                                                                                                                                                                                                                                                                                                                                                                                                                                                                                                                                                                                                                                                                                                                                                                                                                                                                                                                                                                                                                                                                                                                                                                                                                                                                                                                                                                                                                                                                                                                                                                                                                                                                                                       

[2022-07-28 14:34:41] CSystemPerfManager::UpdateCurrentGame: setting current gameid: 769
[2022-07-28 14:34:41] CSystemPerfManager::MaybeUpdateActiveGame: loading profile for gameid: 769
[2022-07-28 14:34:41] Initialized system perf manager
[2022-07-28 14:34:57] CSystemPerfManager::OnFocusedWindowChanged: ignoring game: 413080
[2022-07-28 14:36:51] CSystemPerfManager::OnFocusedWindowChanged: ignoring game: 413080
[2022-07-28 14:36:51] CSystemPerfManager::OnFocusedWindowChanged: ignoring game: 413080
[2022-07-28 14:36:51] CSystemPerfManager::OnFocusedWindowChanged: ignoring game: 413080
[2022-07-28 14:36:52] CSystemPerfManager::OnFocusedWindowChanged: ignoring game: 413080
[2022-07-28 14:36:54] CSystemPerfManager::OnFocusedWindowChanged: ignoring game: 413080
[2022-07-28 14:37:16] CSystemPerfManager::OnFocusedWindowChanged: ignoring game: 413080
[2022-07-28 14:37:23] CSystemPerfManager::OnFocusedWindowChanged: ignoring game: 413080
[2022-07-28 14:37:45] CSystemPerfManager::OnFocusedWindowChanged: ignoring game: 413080
[2022-07-28 14:37:45] CSystemPerfManager::OnFocusedWindowChanged: ignoring game: 413080
[2022-07-28 14:37:48] CSystemPerfManager::OnFocusedWindowChanged: ignoring game: 413080
[2022-07-28 14:37:50] CSystemPerfManager::OnFocusedWindowChanged: ignoring game: 413080
[2022-07-28 14:37:53] CSystemPerfManager::OnFocusedWindowChanged: ignoring game: 413080
[2022-07-28 14:37:53] CSystemPerfManager::OnFocusedWindowChanged: ignoring game: 413080
[2022-07-28 14:37:55] CSystemPerfManager::OnFocusedWindowChanged: ignoring game: 413080
[2022-07-28 14:38:11] CSystemPerfManager::OnFocusedWindowChanged: ignoring game: 413080
[2022-07-28 14:38:15] CSystemPerfManager::OnFocusedWindowChanged: ignoring game: 413080
[2022-07-28 14:38:39] CSystemPerfManager::OnFocusedWindowChanged: ignoring game: 413080
[2022-07-28 14:44:56] CSystemPerfManager::OnFocusedWindowChanged: ign